bodyId,type,t_ms
53065,Mi1,10.700000000000001
17596,Li28,11.2
15909,Li28,11.5
15263,Li28,11.7
17280,Li28,11.7
19292,Li28,12.100000000000001
23047,Li28,12.200000000000001
16545,Li28,12.5
20264,Li28,12.6
16033,Li28,12.9
14209,Li28,13.0
11981,Li28,13.1
15019,Li28,13.3
16596,Li28,13.3
53065,Mi1,25.3
17596,Li28,25.6
17280,Li28,25.8
15909,Li28,26.1
19292,Li28,27.0
11981,Li28,27.6
20264,Li28,27.6
16033,Li28,27.700000000000003
15263,Li28,27.8
15019,Li28,28.0
14209,Li28,28.099999999999998
16545,Li28,28.400000000000002
23047,Li28,28.8
16596,Li28,29.0
17280,Li28,39.300000000000004
15909,Li28,40.0
15263,Li28,41.2
16033,Li28,41.2
53065,Mi1,41.2
17596,Li28,41.300000000000004
19292,Li28,41.6
11981,Li28,43.1
20264,Li28,43.2
14209,Li28,43.300000000000004
15019,Li28,43.4
16545,Li28,43.7
23047,Li28,43.8
16596,Li28,44.3
17280,Li28,53.900000000000006
15909,Li28,54.6
15263,Li28,54.8
16033,Li28,55.5
53065,Mi1,55.6
19292,Li28,56.300000000000004
20264,Li28,57.0
14209,Li28,57.1
11981,Li28,57.5
17596,Li28,57.7
23047,Li28,58.5
15019,Li28,58.800000000000004
16545,Li28,59.0
16596,Li28,59.6
17280,Li28,68.4
15263,Li28,68.9
53065,Mi1,69.9
15909,Li28,70.10000000000001
19292,Li28,70.4
16033,Li28,70.8
20264,Li28,71.4
14209,Li28,72.0
11981,Li28,72.6
15019,Li28,72.6
23047,Li28,73.1
16545,Li28,73.2
17596,Li28,73.2
16596,Li28,74.4
15263,Li28,83.10000000000001
17280,Li28,83.10000000000001
15909,Li28,84.7
19292,Li28,84.9
53065,Mi1,85.2
16033,Li28,85.7
20264,Li28,86.0
14209,Li28,86.8
11981,Li28,87.3
23047,Li28,87.6
16545,Li28,87.8
17596,Li28,88.0
15019,Li28,88.2
16596,Li28,89.8
15263,Li28,98.60000000000001
17280,Li28,98.9
53065,Mi1,99.0
19292,Li28,99.5
15909,Li28,100.10000000000001
14209,Li28,100.4
20264,Li28,100.9
17596,Li28,101.4
23047,Li28,101.5
16033,Li28,102.10000000000001
11981,Li28,102.3
16545,Li28,102.5
15019,Li28,102.60000000000001
16596,Li28,104.2
53065,Mi1,112.7
17280,Li28,113.30000000000001
15263,Li28,113.5
19292,Li28,114.4
23047,Li28,115.3
14209,Li28,115.5
20264,Li28,115.60000000000001
11981,Li28,116.0
15909,Li28,116.3
16033,Li28,116.4
15019,Li28,116.8
16545,Li28,117.20000000000002
17596,Li28,117.20000000000002
16596,Li28,118.60000000000001
53065,Mi1,127.4
15263,Li28,127.8
17280,Li28,128.70000000000002
23047,Li28,129.20000000000002
19292,Li28,129.20000000000002
14209,Li28,129.70000000000002
15909,Li28,130.6
20264,Li28,130.70000000000002
11981,Li28,131.3
16545,Li28,131.3
16033,Li28,131.6
17596,Li28,132.4
16596,Li28,132.70000000000002
15019,Li28,133.1
53065,Mi1,141.9
15263,Li28,142.1
17280,Li28,142.8
19292,Li28,143.9
23047,Li28,144.1
14209,Li28,144.6
11981,Li28,145.00000000000003
16545,Li28,145.3
20264,Li28,145.7
15909,Li28,145.8
17596,Li28,146.3
16596,Li28,146.6
16033,Li28,147.50000000000003
15019,Li28,148.1
15263,Li28,156.29999999999998
53065,Mi1,156.9
19292,Li28,157.60000000000002
17280,Li28,157.79999999999998
20264,Li28,158.79999999999998
23047,Li28,159.0
11981,Li28,159.20000000000002
17596,Li28,159.20000000000002
14209,Li28,160.10000000000002
16545,Li28,160.60000000000002
16596,Li28,160.79999999999998
15909,Li28,161.29999999999998
16033,Li28,161.4
15019,Li28,163.20000000000002
15263,Li28,170.6
19292,Li28,172.0
53065,Mi1,172.0
17280,Li28,172.5
20264,Li28,172.6
23047,Li28,173.70000000000002
14209,Li28,174.4
17596,Li28,174.4
11981,Li28,174.6
15909,Li28,175.3
16545,Li28,175.5
16033,Li28,175.6
16596,Li28,175.7
15019,Li28,178.6
53065,Mi1,186.10000000000002
15263,Li28,186.2
20264,Li28,187.10000000000002
17280,Li28,187.7
19292,Li28,187.7
14209,Li28,188.4
17596,Li28,188.7
23047,Li28,189.0
11981,Li28,189.0
15909,Li28,189.20000000000002
16596,Li28,189.20000000000002
16033,Li28,190.29999999999998
16545,Li28,190.5
15019,Li28,194.20000000000002
53065,Mi1,201.0
15263,Li28,201.70000000000002
19292,Li28,201.9
17280,Li28,202.20000000000002
20264,Li28,202.4
23047,Li28,203.4
17596,Li28,203.4
11981,Li28,203.70000000000002
16596,Li28,204.3
14209,Li28,204.4
15909,Li28,204.5
16545,Li28,204.5
16033,Li28,205.4
15019,Li28,209.1
17280,Li28,214.8
19292,Li28,216.4
23047,Li28,217.0
20264,Li28,217.3
15263,Li28,217.3
53065,Mi1,217.60000000000002
11981,Li28,218.0
17596,Li28,218.10000000000002
16596,Li28,218.7
14209,Li28,218.9
16545,Li28,219.5
15909,Li28,219.60000000000002
16033,Li28,219.8
15019,Li28,223.70000000000002
17280,Li28,230.0
19292,Li28,230.5
15263,Li28,231.4
20264,Li28,231.5
11981,Li28,231.70000000000002
53065,Mi1,231.70000000000002
17596,Li28,232.1
23047,Li28,232.1
14209,Li28,233.5
15909,Li28,233.9
16596,Li28,234.5
16033,Li28,234.9
16545,Li28,235.5
15019,Li28,238.3
17280,Li28,244.50000000000003
20264,Li28,245.00000000000003
15263,Li28,245.2
19292,Li28,245.4
23047,Li28,245.4
11981,Li28,246.7
17596,Li28,246.7
53065,Mi1,246.7
15909,Li28,247.4
14209,Li28,248.5
16033,Li28,249.2
16596,Li28,249.3
16545,Li28,250.5
15019,Li28,252.8
23047,Li28,258.8
15263,Li28,258.90000000000003
20264,Li28,259.09999999999997
19292,Li28,260.0
53065,Mi1,260.2
17280,Li28,260.3
17596,Li28,261.5
15909,Li28,262.3
11981,Li28,262.7
16596,Li28,263.0
16033,Li28,264.40000000000003
14209,Li28,264.5
16545,Li28,264.90000000000003
15019,Li28,266.3
15263,Li28,273.90000000000003
23047,Li28,274.0
20264,Li28,274.5
19292,Li28,274.90000000000003
53065,Mi1,275.3
17596,Li28,275.8
17280,Li28,276.40000000000003
11981,Li28,276.7
16596,Li28,277.7
15909,Li28,278.0
14209,Li28,279.3
16033,Li28,279.40000000000003
16545,Li28,279.8
15019,Li28,281.0
23047,Li28,289.00000000000006
15263,Li28,289.3
53065,Mi1,289.3
17280,Li28,290.2
19292,Li28,290.3
17596,Li28,290.6
20264,Li28,290.6
11981,Li28,291.2
16596,Li28,292.3
15909,Li28,293.6
16033,Li28,294.3
14209,Li28,294.4
16545,Li28,294.4
15019,Li28,296.4
23047,Li28,302.9
15263,Li28,303.3
53065,Mi1,303.4
19292,Li28,304.70000000000005
11981,Li28,305.6
17280,Li28,305.70000000000005
16596,Li28,306.20000000000005
17596,Li28,306.3
20264,Li28,306.5
15909,Li28,307.70000000000005
16545,Li28,308.3
16033,Li28,308.70000000000005
14209,Li28,309.5
15019,Li28,311.20000000000005
15263,Li28,317.09999999999997
23047,Li28,317.3
53065,Mi1,317.59999999999997
19292,Li28,319.59999999999997
17280,Li28,319.90000000000003
11981,Li28,320.5
17596,Li28,320.70000000000005
16596,Li28,321.5
20264,Li28,322.0
16033,Li28,322.3
16545,Li28,322.5
15909,Li28,322.90000000000003
14209,Li28,324.40000000000003
15019,Li28,326.09999999999997
23047,Li28,331.8
53065,Mi1,332.2
15263,Li28,332.40000000000003
11981,Li28,334.2
19292,Li28,334.6
17596,Li28,335.1
17280,Li28,335.90000000000003
16596,Li28,336.0
20264,Li28,336.1
16545,Li28,337.2
16033,Li28,338.2
15909,Li28,338.29999999999995
14209,Li28,339.6
15019,Li28,340.40000000000003
23047,Li28,346.1
53065,Mi1,347.40000000000003
15263,Li28,347.6
11981,Li28,348.6
19292,Li28,349.2
17596,Li28,349.6
20264,Li28,349.8
16596,Li28,350.9
17280,Li28,350.9
16033,Li28,352.3
16545,Li28,352.5
15909,Li28,352.8
14209,Li28,353.9
15019,Li28,354.8
15263,Li28,361.2
23047,Li28,361.7
53065,Mi1,361.8
11981,Li28,362.4
19292,Li28,363.4
16596,Li28,364.2
17596,Li28,364.3
20264,Li28,364.8
17280,Li28,365.70000000000005
16545,Li28,367.1
16033,Li28,367.5
14209,Li28,368.3
15909,Li28,368.3
15019,Li28,369.8
11981,Li28,376.20000000000005
19292,Li28,376.59999999999997
15263,Li28,377.0
23047,Li28,377.09999999999997
53065,Mi1,377.20000000000005
17596,Li28,379.0
16596,Li28,379.20000000000005
20264,Li28,379.3
17280,Li28,379.59999999999997
16033,Li28,382.70000000000005
14209,Li28,382.8
16545,Li28,383.0
15909,Li28,383.5
15019,Li28,384.5
19292,Li28,390.5
11981,Li28,390.6
15263,Li28,391.1
53065,Mi1,391.2
23047,Li28,392.0
16596,Li28,392.7
17596,Li28,393.1
17280,Li28,393.40000000000003
20264,Li28,394.2
14209,Li28,397.1
16545,Li28,397.5
15019,Li28,397.7
15909,Li28,398.1
16033,Li28,398.2
11981,Li28,404.90000000000003
53065,Mi1,405.5
19292,Li28,405.90000000000003
15263,Li28,406.2
23047,Li28,406.2
16596,Li28,406.8
17280,Li28,407.2
17596,Li28,409.1
20264,Li28,409.40000000000003
14209,Li28,411.40000000000003
15909,Li28,411.7
15019,Li28,412.1
16545,Li28,412.2
16033,Li28,412.5
11981,Li28,419.2
19292,Li28,419.6
16596,Li28,419.9
53065,Mi1,420.7
15263,Li28,420.9
23047,Li28,420.9
17280,Li28,422.3
20264,Li28,424.2
17596,Li28,424.6
14209,Li28,425.6
15909,Li28,425.6
15019,Li28,426.4
16545,Li28,426.4
16033,Li28,427.6
16596,Li28,432.8
19292,Li28,433.6
11981,Li28,433.70000000000005
53065,Mi1,434.20000000000005
15263,Li28,435.5
23047,Li28,436.0
17280,Li28,437.70000000000005
15909,Li28,438.70000000000005
20264,Li28,438.8
17596,Li28,439.0
14209,Li28,440.0
15019,Li28,440.1
16545,Li28,441.0
16033,Li28,442.40000000000003
16596,Li28,447.3
19292,Li28,447.8
11981,Li28,448.59999999999997
53065,Mi1,449.20000000000005
23047,Li28,450.09999999999997
15263,Li28,450.70000000000005
17280,Li28,452.3
14209,Li28,453.90000000000003
15909,Li28,454.0
20264,Li28,454.3
17596,Li28,455.0
16545,Li28,455.40000000000003
15019,Li28,455.8
16033,Li28,456.2
19292,Li28,461.6
11981,Li28,461.90000000000003
16596,Li28,462.8
53065,Mi1,464.7
15263,Li28,465.40000000000003
23047,Li28,466.2
17280,Li28,467.2
14209,Li28,467.90000000000003
15909,Li28,468.30000000000007
20264,Li28,468.80000000000007
16545,Li28,469.90000000000003
16033,Li28,470.3
15019,Li28,470.3
17596,Li28,470.7
11981,Li28,476.40000000000003
19292,Li28,477.1
16596,Li28,477.2
15263,Li28,478.7
53065,Mi1,479.7
23047,Li28,480.3
17280,Li28,481.40000000000003
14209,Li28,482.8
15909,Li28,483.1
20264,Li28,483.2
17596,Li28,484.7
15019,Li28,484.8
16545,Li28,485.2
16033,Li28,485.50000000000006
11981,Li28,490.4
19292,Li28,491.50000000000006
16596,Li28,492.1
15263,Li28,494.00000000000006
53065,Mi1,495.00000000000006
23047,Li28,495.20000000000005
17280,Li28,496.1
14209,Li28,497.20000000000005
20264,Li28,497.6
15909,Li28,497.9
17596,Li28,498.6
16033,Li28,499.3
16545,Li28,500.2
15019,Li28,500.30000000000007
11981,Li28,505.29999999999995
19292,Li28,506.50000000000006
16596,Li28,507.09999999999997
15263,Li28,508.70000000000005
53065,Mi1,509.6
17280,Li28,509.70000000000005
23047,Li28,510.2
15909,Li28,511.90000000000003
20264,Li28,512.0
14209,Li28,512.1
17596,Li28,512.4000000000001
16545,Li28,514.4000000000001
16033,Li28,515.0
15019,Li28,515.1
11981,Li28,518.7
16596,Li28,520.7
19292,Li28,520.9
15263,Li28,523.4
53065,Mi1,523.7
23047,Li28,524.3
17280,Li28,524.4
15909,Li28,525.5000000000001
20264,Li28,525.8000000000001
17596,Li28,527.2
14209,Li28,527.4
16033,Li28,528.8000000000001
15019,Li28,529.8000000000001
16545,Li28,532.0
11981,Li28,533.5
16596,Li28,534.5
19292,Li28,535.5
15263,Li28,538.5
53065,Mi1,538.7
17280,Li28,539.1
23047,Li28,539.4
15909,Li28,540.5
20264,Li28,540.6
14209,Li28,541.6
17596,Li28,542.8000000000001
16033,Li28,544.0
15019,Li28,544.4
16545,Li28,546.4
11981,Li28,548.1
16596,Li28,549.4
19292,Li28,550.2
53065,Mi1,553.2
23047,Li28,553.5
17280,Li28,554.1
15263,Li28,554.9000000000001
15909,Li28,555.0
17596,Li28,556.2
14209,Li28,556.6999999999999
20264,Li28,556.9000000000001
16033,Li28,559.3
16545,Li28,561.0
15019,Li28,561.1
11981,Li28,562.8000000000001
16596,Li28,562.8000000000001
19292,Li28,565.8000000000001
53065,Mi1,567.5
23047,Li28,567.6999999999999
15909,Li28,569.2
17280,Li28,569.2
15263,Li28,570.8
17596,Li28,571.3000000000001
20264,Li28,571.3000000000001
14209,Li28,572.2
16033,Li28,574.5
15019,Li28,574.9000000000001
16545,Li28,576.0
16596,Li28,577.4
11981,Li28,579.3000000000001
19292,Li28,580.9000000000001
23047,Li28,581.8
53065,Mi1,582.6999999999999
17280,Li28,583.1
15909,Li28,583.5
15263,Li28,584.9
20264,Li28,585.8
14209,Li28,586.3000000000001
17596,Li28,586.5
15019,Li28,589.6
16033,Li28,589.9
16596,Li28,591.2
16545,Li28,591.9
11981,Li28,594.5
19292,Li28,594.7
23047,Li28,595.8
53065,Mi1,597.8
17280,Li28,597.9
15909,Li28,599.1
15263,Li28,600.8
20264,Li28,600.9
14209,Li28,601.0
17596,Li28,601.6
15019,Li28,604.3000000000001
16033,Li28,604.6
16545,Li28,606.4000000000001
16596,Li28,606.9
19292,Li28,608.9
11981,Li28,609.0
23047,Li28,611.6
53065,Mi1,612.2
17280,Li28,613.3000000000001
15909,Li28,613.6
14209,Li28,615.8
17596,Li28,616.2
20264,Li28,616.4000000000001
15263,Li28,616.6
15019,Li28,618.5
16545,Li28,620.4000000000001
16033,Li28,621.4000000000001
16596,Li28,621.6
11981,Li28,622.9
19292,Li28,623.9
23047,Li28,626.1
53065,Mi1,626.6
15909,Li28,627.1
17280,Li28,627.6
17596,Li28,630.4000000000001
14209,Li28,630.9
20264,Li28,631.3000000000001
15263,Li28,632.4000000000001
15019,Li28,633.1
16545,Li28,635.1
16596,Li28,635.3
16033,Li28,635.7
11981,Li28,637.7
19292,Li28,639.5
53065,Mi1,639.7
15909,Li28,640.6
23047,Li28,640.9
17280,Li28,642.6
20264,Li28,645.0
14209,Li28,645.1
15263,Li28,646.0
17596,Li28,646.1999999999999
15019,Li28,647.4000000000001
16033,Li28,649.9
16545,Li28,650.6
16596,Li28,650.9
53065,Mi1,653.1
11981,Li28,653.6
19292,Li28,653.8000000000001
15909,Li28,655.0
23047,Li28,656.3
17280,Li28,657.2
15263,Li28,660.0
20264,Li28,660.0
14209,Li28,660.7
17596,Li28,661.2
15019,Li28,661.5
16033,Li28,665.1
16545,Li28,665.1
16596,Li28,665.7
11981,Li28,667.9000000000001
19292,Li28,668.5
53065,Mi1,669.1
15909,Li28,669.3
17280,Li28,670.3
23047,Li28,672.2
15263,Li28,674.7
20264,Li28,674.8000000000001
15019,Li28,675.3
17596,Li28,676.5
14209,Li28,677.0
16033,Li28,679.1
16596,Li28,680.0
16545,Li28,680.9000000000001
11981,Li28,682.0
19292,Li28,682.5
53065,Mi1,684.1
17280,Li28,684.7
15909,Li28,685.2
23047,Li28,686.8000000000001
15019,Li28,688.1
15263,Li28,689.9000000000001
20264,Li28,689.9000000000001
14209,Li28,691.2
17596,Li28,691.6
16033,Li28,692.6
16596,Li28,694.6999999999999
16545,Li28,697.1
11981,Li28,697.3000000000001
19292,Li28,698.0
53065,Mi1,698.0
17280,Li28,699.6
15909,Li28,699.6999999999999
23047,Li28,700.9000000000001
15019,Li28,703.4
15263,Li28,704.2
14209,Li28,704.6
20264,Li28,705.3000000000001
17596,Li28,708.1
16596,Li28,708.3000000000001
16033,Li28,708.4
11981,Li28,712.3000000000001
16545,Li28,712.3000000000001
19292,Li28,712.3000000000001
53065,Mi1,713.4
17280,Li28,714.4
15909,Li28,714.5
23047,Li28,715.5
15019,Li28,717.5
15263,Li28,718.8
20264,Li28,720.1
14209,Li28,720.6
16033,Li28,722.8
16596,Li28,722.8
17596,Li28,722.9
19292,Li28,726.7
11981,Li28,727.6
16545,Li28,728.3000000000001
53065,Mi1,728.4
17280,Li28,728.7
15909,Li28,728.9
23047,Li28,730.4
15019,Li28,731.7
15263,Li28,734.3000000000001
14209,Li28,734.8
20264,Li28,736.0
16033,Li28,737.3000000000001
16596,Li28,737.3000000000001
17596,Li28,737.9
19292,Li28,741.4000000000001
11981,Li28,741.9
16545,Li28,742.4000000000001
17280,Li28,743.2
15909,Li28,743.3000000000001
53065,Mi1,743.7
23047,Li28,744.7
15019,Li28,745.7
15263,Li28,748.5
20264,Li28,750.1
14209,Li28,750.9
16596,Li28,751.7
16033,Li28,753.4000000000001
17596,Li28,754.4000000000001
19292,Li28,754.4000000000001
11981,Li28,756.1999999999999
16545,Li28,757.1
15909,Li28,757.5
17280,Li28,758.5
53065,Mi1,760.1999999999999
23047,Li28,760.5
15019,Li28,761.6
15263,Li28,762.5
20264,Li28,764.1
14209,Li28,765.6
16596,Li28,766.8000000000001
17596,Li28,767.8000000000001
16033,Li28,768.6
19292,Li28,769.1999999999999
11981,Li28,770.3
16545,Li28,772.1
17280,Li28,772.9
15909,Li28,773.1
23047,Li28,775.4000000000001
15019,Li28,775.9
53065,Mi1,776.1
15263,Li28,776.9
20264,Li28,778.5000000000001
14209,Li28,780.3
16596,Li28,781.7
17596,Li28,782.1
19292,Li28,784.4
11981,Li28,784.6
16033,Li28,784.7
16545,Li28,786.9
15909,Li28,787.1
17280,Li28,787.7
53065,Mi1,790.6
15019,Li28,790.8000000000001
23047,Li28,791.0
15263,Li28,793.1
20264,Li28,793.4
14209,Li28,794.9000000000001
16596,Li28,797.0
17596,Li28,797.2
11981,Li28,798.7
19292,Li28,798.8000000000001
16033,Li28,800.5
15909,Li28,801.3
17280,Li28,802.3
16545,Li28,802.8000000000001
53065,Mi1,805.0
15019,Li28,805.9000000000001
23047,Li28,805.9000000000001
15263,Li28,807.4
20264,Li28,808.2
14209,Li28,809.6
17596,Li28,812.5
16596,Li28,812.8000000000001
11981,Li28,813.2
19292,Li28,814.6
15909,Li28,816.0
17280,Li28,816.5
16545,Li28,817.2
16033,Li28,817.8000000000001
53065,Mi1,819.5
15019,Li28,821.0
23047,Li28,821.3000000000001
15263,Li28,822.8000000000001
20264,Li28,823.2
14209,Li28,825.0
17596,Li28,826.9000000000001
11981,Li28,827.4
16596,Li28,828.0
19292,Li28,829.0
15909,Li28,830.6999999999999
16545,Li28,832.2
17280,Li28,832.5
16033,Li28,832.8
53065,Mi1,833.9000000000001
15019,Li28,836.4
15263,Li28,836.6
23047,Li28,836.9000000000001
20264,Li28,838.0000000000001
14209,Li28,839.3000000000001
11981,Li28,841.8
16596,Li28,842.1
17596,Li28,842.5
19292,Li28,843.8
17280,Li28,846.1
15909,Li28,846.1
16545,Li28,846.2
16033,Li28,847.6
53065,Mi1,848.8
15019,Li28,851.4
15263,Li28,851.9
23047,Li28,851.9
20264,Li28,853.6
14209,Li28,854.6
11981,Li28,855.5
16596,Li28,855.6
17596,Li28,856.2
19292,Li28,858.9
16545,Li28,859.2
17280,Li28,861.1
15909,Li28,862.3000000000001
16033,Li28,862.7
53065,Mi1,862.8
15019,Li28,865.8
15263,Li28,866.1
23047,Li28,866.1
20264,Li28,868.6
14209,Li28,868.9
16596,Li28,870.0
11981,Li28,870.2
17596,Li28,870.5
19292,Li28,873.5
16545,Li28,874.4000000000001
17280,Li28,875.7
53065,Mi1,877.2
16033,Li28,877.5
15909,Li28,877.9
15019,Li28,880.3000000000001
23047,Li28,880.6
15263,Li28,881.1
20264,Li28,882.8
14209,Li28,883.9
16596,Li28,885.3000000000001
17596,Li28,885.3000000000001
11981,Li28,885.4000000000001
19292,Li28,887.0
17280,Li28,889.4000000000001
16545,Li28,891.1
16033,Li28,891.1999999999999
53065,Mi1,892.5
15909,Li28,892.9
23047,Li28,894.8000000000001
15019,Li28,895.4000000000001
15263,Li28,896.4000000000001
20264,Li28,897.9
14209,Li28,898.9
11981,Li28,899.5000000000001
16596,Li28,899.5000000000001
17596,Li28,900.0
19292,Li28,901.8000000000001
17280,Li28,903.6
16545,Li28,905.1
16033,Li28,905.6
53065,Mi1,907.0
15909,Li28,907.6
23047,Li28,909.3
15263,Li28,909.9
15019,Li28,911.5000000000001
14209,Li28,912.2
20264,Li28,912.6
16596,Li28,914.6
11981,Li28,914.9
17596,Li28,915.2
19292,Li28,916.6
17280,Li28,918.1
16545,Li28,919.5000000000001
16033,Li28,921.9
15909,Li28,922.4
53065,Mi1,922.6
23047,Li28,923.8000000000001
15263,Li28,924.1
15019,Li28,926.3
14209,Li28,927.2
20264,Li28,927.7
17596,Li28,928.2
16596,Li28,929.0
11981,Li28,930.3
19292,Li28,931.1
17280,Li28,933.6
16545,Li28,934.8000000000001
15909,Li28,936.3
16033,Li28,937.0
23047,Li28,937.6000000000001
53065,Mi1,938.1
15263,Li28,939.7
15019,Li28,940.7
14209,Li28,941.2
20264,Li28,941.7
17596,Li28,942.2
16596,Li28,943.6
19292,Li28,945.1
11981,Li28,945.2
16545,Li28,948.5
17280,Li28,948.6
15909,Li28,951.5
16033,Li28,952.8000000000001
53065,Mi1,953.0
23047,Li28,953.4
15263,Li28,954.9000000000001
14209,Li28,955.0
15019,Li28,955.3000000000001
17596,Li28,957.1
20264,Li28,958.0
16596,Li28,958.8000000000001
19292,Li28,959.2
11981,Li28,959.6999999999999
17280,Li28,962.1
16545,Li28,962.5
15909,Li28,966.4
53065,Mi1,967.0000000000001
16033,Li28,968.5
23047,Li28,968.8
14209,Li28,970.1
15263,Li28,970.3000000000001
15019,Li28,970.6999999999999
20264,Li28,972.1
17596,Li28,973.0000000000001
19292,Li28,973.6
11981,Li28,973.8
16596,Li28,974.1
17280,Li28,976.4
16545,Li28,978.7
15909,Li28,979.9
53065,Mi1,981.0000000000001
16033,Li28,983.0000000000001
23047,Li28,983.4
15263,Li28,985.0000000000001
14209,Li28,985.1
15019,Li28,985.6
20264,Li28,986.8
17596,Li28,987.3000000000001
19292,Li28,988.6
16596,Li28,988.7
11981,Li28,989.6
17280,Li28,990.7
16545,Li28,993.5
15909,Li28,994.9
53065,Mi1,996.7
23047,Li28,997.2
16033,Li28,997.4000000000001
15263,Li28,999.8
14209,Li28,1000.7000000000002
20264,Li28,1000.9000000000001
15019,Li28,1001.6
17596,Li28,1002.3
16596,Li28,1003.3000000000001
19292,Li28,1003.8
17280,Li28,1005.0000000000001
11981,Li28,1005.6
16545,Li28,1009.4000000000001
15909,Li28,1009.6
53065,Mi1,1011.4000000000001
23047,Li28,1012.3
16033,Li28,1012.5999999999999
15263,Li28,1013.9
20264,Li28,1014.8000000000002
15019,Li28,1015.8000000000001
14209,Li28,1016.1
17596,Li28,1017.3000000000001
16596,Li28,1017.9
19292,Li28,1018.6999999999999
11981,Li28,1018.9000000000001
17280,Li28,1020.3
15909,Li28,1023.4000000000001
16545,Li28,1024.5
53065,Mi1,1026.9
16033,Li28,1028.1
23047,Li28,1028.3
20264,Li28,1029.1000000000001
14209,Li28,1030.6
15263,Li28,1030.6999999999998
16596,Li28,1032.1
15019,Li28,1032.3
17596,Li28,1032.3999999999999
19292,Li28,1033.2
11981,Li28,1033.8
17280,Li28,1035.8
15909,Li28,1036.7
16545,Li28,1039.2
53065,Mi1,1041.5
16033,Li28,1042.7
20264,Li28,1043.6000000000001
23047,Li28,1044.7
15263,Li28,1044.8
14209,Li28,1046.1
16596,Li28,1047.0000000000002
17596,Li28,1047.6000000000001
11981,Li28,1047.8
19292,Li28,1047.8
15019,Li28,1048.1
15909,Li28,1050.4
17280,Li28,1050.8999999999999
16545,Li28,1054.3
53065,Mi1,1056.6
16033,Li28,1057.6000000000001
23047,Li28,1058.6
20264,Li28,1059.2
14209,Li28,1060.4
15263,Li28,1060.8999999999999
15019,Li28,1061.8
16596,Li28,1062.3
17596,Li28,1062.3
11981,Li28,1062.8
19292,Li28,1063.0
15909,Li28,1063.9
17280,Li28,1065.0
16545,Li28,1068.5
53065,Mi1,1071.5
16033,Li28,1073.0
23047,Li28,1073.0
20264,Li28,1074.0
15263,Li28,1075.2
14209,Li28,1075.5
17596,Li28,1076.0
15019,Li28,1076.2
16596,Li28,1077.1
19292,Li28,1077.7
11981,Li28,1078.0
17280,Li28,1079.9
15909,Li28,1079.9
16545,Li28,1082.5
16033,Li28,1087.1999999999998
23047,Li28,1087.3000000000002
53065,Mi1,1087.8000000000002
20264,Li28,1088.6
17596,Li28,1090.2
15263,Li28,1090.3
14209,Li28,1090.5
16596,Li28,1091.6000000000001
19292,Li28,1092.8999999999999
15019,Li28,1092.8999999999999
11981,Li28,1093.0
15909,Li28,1094.7
17280,Li28,1095.4
16545,Li28,1097.5000000000002
53065,Mi1,1102.7
23047,Li28,1103.1
16033,Li28,1103.2
20264,Li28,1104.4
15263,Li28,1104.8999999999999
14209,Li28,1105.0
17596,Li28,1105.7
16596,Li28,1107.2
19292,Li28,1107.4
11981,Li28,1108.0
15019,Li28,1108.5
17280,Li28,1110.0
15909,Li28,1110.7
16545,Li28,1111.5000000000002
23047,Li28,1116.1000000000001
16033,Li28,1118.0
53065,Mi1,1118.1000000000001
20264,Li28,1118.3
15263,Li28,1118.8
14209,Li28,1118.9
17596,Li28,1120.1000000000001
16596,Li28,1120.7
19292,Li28,1122.4
15019,Li28,1123.0
11981,Li28,1123.3
17280,Li28,1124.7
16545,Li28,1125.7
15909,Li28,1126.2
23047,Li28,1131.2
20264,Li28,1132.5
16033,Li28,1132.6000000000001
15263,Li28,1133.2
53065,Mi1,1133.3
14209,Li28,1134.0
16596,Li28,1134.3
17596,Li28,1134.3
19292,Li28,1137.0
15019,Li28,1138.2
11981,Li28,1138.5
16545,Li28,1139.3
17280,Li28,1140.2
15909,Li28,1140.7
23047,Li28,1144.9
20264,Li28,1146.3000000000002
16033,Li28,1146.8
15263,Li28,1147.3999999999999
16596,Li28,1148.8
14209,Li28,1149.0
53065,Mi1,1149.0
17596,Li28,1149.6999999999998
15019,Li28,1151.6
19292,Li28,1151.6999999999998
11981,Li28,1153.3
17280,Li28,1155.2
15909,Li28,1155.6
16545,Li28,1155.6
23047,Li28,1158.2
20264,Li28,1160.4
16033,Li28,1161.9
53065,Mi1,1162.4
15263,Li28,1163.0
17596,Li28,1163.0
16596,Li28,1163.2
14209,Li28,1164.0000000000002
15019,Li28,1165.2
19292,Li28,1166.9
11981,Li28,1168.7
17280,Li28,1168.8
16545,Li28,1169.6
15909,Li28,1170.5
23047,Li28,1172.7
20264,Li28,1174.3000000000002
16033,Li28,1176.5
15263,Li28,1177.2
16596,Li28,1177.4
53065,Mi1,1177.6
17596,Li28,1177.8
15019,Li28,1178.6000000000001
14209,Li28,1179.0
19292,Li28,1180.9
11981,Li28,1182.5
17280,Li28,1182.5
16545,Li28,1183.8999999999999
15909,Li28,1185.1
23047,Li28,1186.9
20264,Li28,1188.8
53065,Mi1,1191.6
16033,Li28,1191.8999999999999
14209,Li28,1192.0
17596,Li28,1192.3000000000002
16596,Li28,1192.4
15263,Li28,1193.0
15019,Li28,1193.6
19292,Li28,1195.5
17280,Li28,1196.1000000000001
11981,Li28,1196.8
16545,Li28,1198.6000000000001
15909,Li28,1200.2
23047,Li28,1202.0
20264,Li28,1204.7
53065,Mi1,1206.1
16033,Li28,1206.3000000000002
16596,Li28,1207.1000000000001
17596,Li28,1207.1000000000001
15263,Li28,1207.4
14209,Li28,1207.7
15019,Li28,1209.8
17280,Li28,1210.6000000000001
19292,Li28,1210.7
11981,Li28,1212.0
16545,Li28,1212.8000000000002
15909,Li28,1215.3
23047,Li28,1216.1
20264,Li28,1219.8
53065,Mi1,1220.4
17596,Li28,1221.5
16596,Li28,1221.8999999999999
14209,Li28,1222.0
15263,Li28,1222.7
16033,Li28,1222.9
15019,Li28,1224.6000000000001
17280,Li28,1224.9
19292,Li28,1225.0
16545,Li28,1227.0
11981,Li28,1227.8999999999999
15909,Li28,1230.0
23047,Li28,1231.0
20264,Li28,1233.4
17596,Li28,1235.3
53065,Mi1,1235.3
14209,Li28,1236.1
15263,Li28,1236.4
16596,Li28,1236.5000000000002
16033,Li28,1238.2
17280,Li28,1238.2
15019,Li28,1239.4
19292,Li28,1239.7
16545,Li28,1242.2
15909,Li28,1243.5
11981,Li28,1243.7
23047,Li28,1245.4
20264,Li28,1247.6
14209,Li28,1249.9
17596,Li28,1250.0
16596,Li28,1250.7
15263,Li28,1250.9
53065,Mi1,1251.4
16033,Li28,1252.0
17280,Li28,1253.1000000000001
15019,Li28,1253.9
19292,Li28,1255.2
15909,Li28,1256.2
16545,Li28,1257.2
11981,Li28,1258.9
23047,Li28,1260.3999999999999
20264,Li28,1262.3
17596,Li28,1264.8000000000002
14209,Li28,1265.1000000000001
16596,Li28,1265.6000000000001
15263,Li28,1265.8
16033,Li28,1265.8
53065,Mi1,1265.8
15019,Li28,1267.8
17280,Li28,1268.3
19292,Li28,1270.7
15909,Li28,1272.6
16545,Li28,1272.8000000000002
11981,Li28,1274.3
23047,Li28,1276.3999999999999
20264,Li28,1276.5
17596,Li28,1279.4
14209,Li28,1279.9
16596,Li28,1280.0
15263,Li28,1280.5
53065,Mi1,1281.1000000000001
15019,Li28,1281.8
16033,Li28,1282.1
17280,Li28,1283.7
19292,Li28,1285.6000000000001
15909,Li28,1286.6
16545,Li28,1288.1
11981,Li28,1289.1000000000001
20264,Li28,1290.5
23047,Li28,1292.7
16596,Li28,1293.6000000000001
17596,Li28,1295.2
14209,Li28,1295.3000000000002
15263,Li28,1295.4
53065,Mi1,1295.7
15019,Li28,1297.5
16033,Li28,1298.8
17280,Li28,1298.8
19292,Li28,1300.6
15909,Li28,1301.0000000000002
16545,Li28,1303.5
11981,Li28,1304.3999999999999
20264,Li28,1306.0
23047,Li28,1307.4
16596,Li28,1309.1000000000001
15263,Li28,1309.4
17596,Li28,1309.7
14209,Li28,1309.8
53065,Mi1,1309.9
15019,Li28,1312.1
17280,Li28,1312.7
16033,Li28,1314.0
15909,Li28,1314.8
19292,Li28,1315.0000000000002
16545,Li28,1318.2
11981,Li28,1319.7
23047,Li28,1320.4
20264,Li28,1321.6000000000001
17596,Li28,1323.2
16596,Li28,1323.8
14209,Li28,1324.0
15263,Li28,1324.5
53065,Mi1,1324.8999999999999
15019,Li28,1325.7
17280,Li28,1327.0
16033,Li28,1329.2
19292,Li28,1329.6000000000001
15909,Li28,1329.8
11981,Li28,1333.6000000000001
16545,Li28,1334.1000000000001
23047,Li28,1334.8999999999999
20264,Li28,1336.1000000000001
16596,Li28,1337.0
17596,Li28,1338.6
53065,Mi1,1339.0
15263,Li28,1339.0
14209,Li28,1339.1
15019,Li28,1341.4
17280,Li28,1342.3
16033,Li28,1343.5
15909,Li28,1344.8
19292,Li28,1344.8999999999999
16545,Li28,1348.3
11981,Li28,1348.6
23047,Li28,1349.9
20264,Li28,1350.5
16596,Li28,1352.1000000000001
53065,Mi1,1352.8999999999999
15263,Li28,1353.8000000000002
14209,Li28,1354.4
17596,Li28,1354.6
15019,Li28,1356.1000000000001
17280,Li28,1356.8
16033,Li28,1358.4
15909,Li28,1359.8000000000002
19292,Li28,1359.9
16545,Li28,1362.3
23047,Li28,1363.1
11981,Li28,1363.9
20264,Li28,1364.8999999999999
16596,Li28,1367.2
53065,Mi1,1367.5000000000002
15263,Li28,1367.9
14209,Li28,1369.4
17596,Li28,1370.3
17280,Li28,1370.5
16033,Li28,1371.5000000000002
15019,Li28,1371.6000000000001
19292,Li28,1374.3
15909,Li28,1374.7
23047,Li28,1377.3999999999999
16545,Li28,1377.5000000000002
11981,Li28,1378.3
20264,Li28,1380.5
15263,Li28,1381.9
53065,Mi1,1382.6
16596,Li28,1382.7
14209,Li28,1383.7
17280,Li28,1384.1000000000001
17596,Li28,1384.7
16033,Li28,1384.9
15019,Li28,1385.8000000000002
15909,Li28,1388.8
19292,Li28,1389.1
16545,Li28,1391.6000000000001
23047,Li28,1391.9
11981,Li28,1392.5
20264,Li28,1393.6000000000001
15263,Li28,1396.6000000000001
16596,Li28,1397.5
14209,Li28,1398.4
53065,Mi1,1398.5
17596,Li28,1399.1
17280,Li28,1399.3
15019,Li28,1399.7
16033,Li28,1399.8000000000002
19292,Li28,1403.7
15909,Li28,1404.1000000000001
16545,Li28,1405.7
23047,Li28,1405.9
11981,Li28,1407.3
20264,Li28,1408.2
15263,Li28,1410.5
14209,Li28,1412.2
16596,Li28,1413.3999999999999
17596,Li28,1413.6
53065,Mi1,1413.7
15019,Li28,1414.3000000000002
16033,Li28,1414.3000000000002
17280,Li28,1414.4
19292,Li28,1418.5
15909,Li28,1419.1
16545,Li28,1420.3000000000002
23047,Li28,1420.6000000000001
11981,Li28,1422.1000000000001
20264,Li28,1423.7
15263,Li28,1425.3999999999999
14209,Li28,1427.2
15019,Li28,1427.3999999999999
16596,Li28,1428.0000000000002
17596,Li28,1428.2
17280,Li28,1428.5
53065,Mi1,1428.5
16033,Li28,1429.5
19292,Li28,1433.2
15909,Li28,1435.5
23047,Li28,1435.7
16545,Li28,1436.2
11981,Li28,1437.1
20264,Li28,1438.4
15263,Li28,1441.4
16596,Li28,1441.8999999999999
17280,Li28,1442.1000000000001
14209,Li28,1442.6000000000001
17596,Li28,1442.6000000000001
53065,Mi1,1442.6000000000001
15019,Li28,1442.8
16033,Li28,1444.5
19292,Li28,1447.8
23047,Li28,1450.2
15909,Li28,1450.8
11981,Li28,1450.8
16545,Li28,1451.1000000000001
20264,Li28,1453.3
15263,Li28,1456.0
14209,Li28,1456.3000000000002
53065,Mi1,1456.9
15019,Li28,1457.7
17596,Li28,1457.7
17280,Li28,1458.4
16596,Li28,1458.8
16033,Li28,1459.6
19292,Li28,1462.7
11981,Li28,1464.3000000000002
23047,Li28,1464.8000000000002
15909,Li28,1465.1000000000001
16545,Li28,1465.2
20264,Li28,1468.9
14209,Li28,1470.1
15263,Li28,1471.1000000000001
53065,Mi1,1471.6
15019,Li28,1472.7
16596,Li28,1472.8000000000002
17280,Li28,1473.0
17596,Li28,1473.2
16033,Li28,1473.8999999999999
19292,Li28,1478.2
11981,Li28,1479.3
23047,Li28,1479.4
16545,Li28,1479.6
15909,Li28,1480.1
20264,Li28,1484.0
14209,Li28,1485.1000000000001
15263,Li28,1486.0
15019,Li28,1486.6000000000001
53065,Mi1,1486.9
16596,Li28,1487.2
17596,Li28,1487.6
16033,Li28,1489.4
17280,Li28,1489.4
19292,Li28,1493.6
23047,Li28,1493.6
11981,Li28,1494.6000000000001
15909,Li28,1494.8000000000002
16545,Li28,1494.8000000000002
20264,Li28,1499.0
14209,Li28,1499.2
15019,Li28,1500.9
15263,Li28,1501.2
16596,Li28,1501.4
17596,Li28,1502.0
53065,Mi1,1502.0
16033,Li28,1504.2
17280,Li28,1504.2
23047,Li28,1506.9
19292,Li28,1508.9
11981,Li28,1509.2
16545,Li28,1509.2
15909,Li28,1509.9
20264,Li28,1512.7
14209,Li28,1514.3
15019,Li28,1515.2
15263,Li28,1515.6000000000001
16596,Li28,1515.7
53065,Mi1,1516.3
17596,Li28,1516.3999999999999
16033,Li28,1518.3999999999999
17280,Li28,1519.3
23047,Li28,1521.2
16545,Li28,1523.2
11981,Li28,1523.8
19292,Li28,1524.1
15909,Li28,1525.2
20264,Li28,1528.1
14209,Li28,1528.3999999999999
15263,Li28,1529.8
15019,Li28,1530.1
16596,Li28,1530.3999999999999
17596,Li28,1530.9
53065,Mi1,1531.3000000000002
16033,Li28,1532.9
17280,Li28,1533.7
23047,Li28,1536.5
19292,Li28,1538.0
11981,Li28,1539.4
16545,Li28,1539.7
15909,Li28,1540.2
20264,Li28,1542.2
14209,Li28,1543.4
15263,Li28,1543.6000000000001
16596,Li28,1544.5
53065,Mi1,1544.9
15019,Li28,1545.6000000000001
17596,Li28,1546.0
16033,Li28,1547.3000000000002
17280,Li28,1547.9
23047,Li28,1551.9
15909,Li28,1553.5
19292,Li28,1553.5
16545,Li28,1553.6000000000001
11981,Li28,1553.7
20264,Li28,1557.7
14209,Li28,1558.0
15263,Li28,1558.6
53065,Mi1,1559.1000000000001
16596,Li28,1559.3000000000002
17596,Li28,1560.2
15019,Li28,1560.3
17280,Li28,1560.9
16033,Li28,1562.7
23047,Li28,1566.5
11981,Li28,1567.8
16545,Li28,1567.8
15909,Li28,1568.0
19292,Li28,1568.4
14209,Li28,1571.7
20264,Li28,1572.0
15263,Li28,1572.5
17280,Li28,1573.9
15019,Li28,1574.0
16596,Li28,1574.1
53065,Mi1,1574.5
17596,Li28,1574.8
16033,Li28,1577.9
23047,Li28,1580.8999999999999
11981,Li28,1582.6
15909,Li28,1583.0000000000002
16545,Li28,1583.2
19292,Li28,1584.1000000000001
20264,Li28,1587.1000000000001
15263,Li28,1587.2
53065,Mi1,1587.9
14209,Li28,1587.9
17280,Li28,1588.6
15019,Li28,1589.4
16596,Li28,1589.7
17596,Li28,1590.0
16033,Li28,1592.7
23047,Li28,1594.4
16545,Li28,1597.4
15909,Li28,1597.7
11981,Li28,1597.8000000000002
19292,Li28,1598.1000000000001
20264,Li28,1601.1
53065,Mi1,1602.0
14209,Li28,1602.5
15263,Li28,1602.6
17280,Li28,1602.8
15019,Li28,1604.2
16596,Li28,1604.5
17596,Li28,1604.6
16033,Li28,1608.6
23047,Li28,1609.3000000000002
16545,Li28,1612.7
11981,Li28,1613.1
15909,Li28,1613.2
19292,Li28,1613.2
20264,Li28,1615.2
53065,Mi1,1617.2
14209,Li28,1617.3000000000002
17280,Li28,1617.3000000000002
15263,Li28,1617.4
16596,Li28,1618.5
15019,Li28,1619.4
17596,Li28,1619.5000000000002
23047,Li28,1623.5000000000002
16033,Li28,1624.3
19292,Li28,1626.7
11981,Li28,1627.4
16545,Li28,1628.3
15909,Li28,1629.0
20264,Li28,1629.3
53065,Mi1,1630.3
15263,Li28,1631.7
17280,Li28,1632.2
14209,Li28,1632.6
16596,Li28,1633.2
17596,Li28,1634.6
15019,Li28,1634.7
23047,Li28,1638.7
16033,Li28,1640.1000000000001
19292,Li28,1641.0
11981,Li28,1641.9
16545,Li28,1641.9
53065,Mi1,1644.1000000000001
20264,Li28,1644.4
15909,Li28,1644.8
15263,Li28,1645.6000000000001
17280,Li28,1646.6000000000001
14209,Li28,1647.5000000000002
17596,Li28,1649.0
16596,Li28,1649.0
15019,Li28,1649.3
23047,Li28,1653.9
16033,Li28,1654.9
11981,Li28,1655.5
16545,Li28,1655.7
19292,Li28,1656.3000000000002
53065,Mi1,1658.2
20264,Li28,1659.0
15909,Li28,1660.2
15263,Li28,1660.8
17280,Li28,1661.6000000000001
14209,Li28,1662.1000000000001
17596,Li28,1663.1
15019,Li28,1663.6000000000001
16596,Li28,1664.8
23047,Li28,1670.3000000000002
16545,Li28,1670.4
16033,Li28,1670.5
11981,Li28,1671.2
53065,Mi1,1672.0000000000002
19292,Li28,1672.9
20264,Li28,1673.5
15909,Li28,1674.9
15263,Li28,1675.2
17280,Li28,1676.9
17596,Li28,1677.0
14209,Li28,1677.9
15019,Li28,1678.5
16596,Li28,1680.8
16033,Li28,1684.3000000000002
11981,Li28,1686.0000000000002
16545,Li28,1686.4
23047,Li28,1686.5
53065,Mi1,1687.5
20264,Li28,1687.5
19292,Li28,1687.6
15909,Li28,1689.4
15263,Li28,1690.1000000000001
17596,Li28,1690.6000000000001
17280,Li28,1691.3
14209,Li28,1692.3000000000002
15019,Li28,1692.8
16596,Li28,1693.6
16033,Li28,1699.6
11981,Li28,1700.6000000000001
16545,Li28,1700.8
23047,Li28,1700.9
19292,Li28,1701.4
20264,Li28,1702.3000000000002
53065,Mi1,1702.6000000000001
15909,Li28,1702.8
15263,Li28,1703.6
17280,Li28,1704.6000000000001
14209,Li28,1706.8
17596,Li28,1707.0
15019,Li28,1707.6
16596,Li28,1708.8
16033,Li28,1714.4
11981,Li28,1714.9
19292,Li28,1715.7
23047,Li28,1716.0000000000002
16545,Li28,1716.2
53065,Mi1,1716.5
20264,Li28,1716.7
17280,Li28,1717.2
15909,Li28,1718.0
15263,Li28,1718.9
17596,Li28,1720.4
15019,Li28,1721.5
14209,Li28,1721.8
16596,Li28,1723.5
16033,Li28,1729.3
11981,Li28,1729.4
19292,Li28,1729.8
23047,Li28,1730.8000000000002
16545,Li28,1730.9
53065,Mi1,1731.1000000000001
17280,Li28,1732.2
20264,Li28,1732.9
15263,Li28,1733.0
15909,Li28,1734.0
17596,Li28,1736.0
15019,Li28,1736.1
14209,Li28,1737.1000000000001
16596,Li28,1739.0
16033,Li28,1744.0
11981,Li28,1744.3000000000002
16545,Li28,1745.5
19292,Li28,1746.1
23047,Li28,1746.1
53065,Mi1,1746.1
15263,Li28,1747.4
20264,Li28,1747.5
17280,Li28,1747.7
15909,Li28,1748.4
15019,Li28,1750.9
14209,Li28,1751.5
17596,Li28,1751.5
16596,Li28,1753.3
11981,Li28,1758.6000000000001
16033,Li28,1758.6000000000001
53065,Mi1,1760.4
16545,Li28,1760.7
23047,Li28,1761.4
15263,Li28,1761.8
17280,Li28,1761.9
20264,Li28,1762.1
19292,Li28,1762.3
15909,Li28,1763.0
15019,Li28,1764.7
17596,Li28,1765.2
14209,Li28,1766.1
16596,Li28,1768.6000000000001
11981,Li28,1772.6000000000001
16033,Li28,1772.9
16545,Li28,1774.3
53065,Mi1,1775.3
20264,Li28,1776.3999999999999
15263,Li28,1776.6000000000001
23047,Li28,1776.8000000000002
19292,Li28,1777.2
15909,Li28,1777.3
17280,Li28,1777.5
15019,Li28,1780.0
17596,Li28,1780.0
14209,Li28,1781.4
16596,Li28,1782.8000000000002
11981,Li28,1787.9
16033,Li28,1788.0
53065,Mi1,1789.1000000000001
16545,Li28,1789.4
19292,Li28,1791.1000000000001
15263,Li28,1791.3000000000002
20264,Li28,1791.5
15909,Li28,1791.6000000000001
23047,Li28,1792.3999999999999
17280,Li28,1792.7
15019,Li28,1793.5
17596,Li28,1794.7
14209,Li28,1796.6000000000001
16596,Li28,1797.2
11981,Li28,1801.8
53065,Mi1,1802.9
16033,Li28,1803.3000000000002
16545,Li28,1803.7
15263,Li28,1805.6000000000001
15909,Li28,1806.2
19292,Li28,1806.2
17280,Li28,1806.3
20264,Li28,1806.8000000000002
23047,Li28,1807.7
15019,Li28,1808.5
17596,Li28,1809.2
14209,Li28,1809.6000000000001
16596,Li28,1813.0000000000002
11981,Li28,1816.1
16033,Li28,1817.2
53065,Mi1,1817.6000000000001
16545,Li28,1818.2
15263,Li28,1820.4
17280,Li28,1821.0000000000002
19292,Li28,1821.1000000000001
20264,Li28,1821.9
15909,Li28,1822.2
15019,Li28,1822.7
17596,Li28,1823.1000000000001
23047,Li28,1823.6000000000001
14209,Li28,1824.7
16596,Li28,1828.0
11981,Li28,1829.8
16033,Li28,1831.6000000000001
16545,Li28,1832.1000000000001
53065,Mi1,1832.6
19292,Li28,1835.0000000000002
20264,Li28,1835.1000000000001
17280,Li28,1835.2
15263,Li28,1835.4
15909,Li28,1836.7
17596,Li28,1836.8
15019,Li28,1837.8
23047,Li28,1837.8
14209,Li28,1839.8
16596,Li28,1843.0000000000002
11981,Li28,1845.6000000000001
16545,Li28,1847.0000000000002
53065,Mi1,1847.5
16033,Li28,1848.0
20264,Li28,1849.3000000000002
17280,Li28,1849.4
15263,Li28,1849.5
19292,Li28,1850.0
17596,Li28,1850.8
15909,Li28,1852.1000000000001
15019,Li28,1852.4
23047,Li28,1852.8999999999999
14209,Li28,1855.3000000000002
16596,Li28,1856.8
16545,Li28,1860.7
11981,Li28,1860.8999999999999
53065,Mi1,1861.9
16033,Li28,1862.4
20264,Li28,1862.5
19292,Li28,1864.5
17280,Li28,1864.7
15263,Li28,1864.8999999999999
17596,Li28,1865.4
15909,Li28,1866.1000000000001
15019,Li28,1866.8999999999999
23047,Li28,1867.7
14209,Li28,1870.3
16596,Li28,1872.1000000000001
16545,Li28,1874.8
11981,Li28,1876.8999999999999
53065,Mi1,1877.3000000000002
16033,Li28,1878.3
20264,Li28,1878.8
15263,Li28,1878.8999999999999
17596,Li28,1879.3000000000002
19292,Li28,1879.7
15909,Li28,1879.9
17280,Li28,1881.1
15019,Li28,1881.7
23047,Li28,1881.8000000000002
16596,Li28,1885.4
14209,Li28,1886.0
16545,Li28,1888.4
11981,Li28,1890.4
53065,Mi1,1891.7
16033,Li28,1892.0
20264,Li28,1892.8
19292,Li28,1893.0
17596,Li28,1894.0
15263,Li28,1894.7
17280,Li28,1894.8
15909,Li28,1894.9
15019,Li28,1896.2
23047,Li28,1897.4
14209,Li28,1901.0
16596,Li28,1901.0
16545,Li28,1903.8000000000002
11981,Li28,1905.3999999999999
53065,Mi1,1905.5000000000002
16033,Li28,1906.4
20264,Li28,1907.5000000000002
19292,Li28,1907.6000000000001
15263,Li28,1908.5
17596,Li28,1908.8
17280,Li28,1909.8000000000002
15909,Li28,1910.3000000000002
15019,Li28,1910.9
23047,Li28,1911.8000000000002
14209,Li28,1914.7
16596,Li28,1916.3000000000002
16545,Li28,1917.6000000000001
16033,Li28,1919.6000000000001
53065,Mi1,1919.9
11981,Li28,1920.7
19292,Li28,1922.0
20264,Li28,1922.0
15263,Li28,1922.2
17596,Li28,1923.6000000000001
17280,Li28,1925.3
15019,Li28,1925.7
15909,Li28,1926.1000000000001
23047,Li28,1926.9
14209,Li28,1930.9
16596,Li28,1931.6
16545,Li28,1933.5
16033,Li28,1934.3000000000002
53065,Mi1,1934.6000000000001
11981,Li28,1936.2
19292,Li28,1936.7
15263,Li28,1937.0
20264,Li28,1937.2
17280,Li28,1939.8000000000002
15019,Li28,1940.4
15909,Li28,1940.5
17596,Li28,1940.6000000000001
23047,Li28,1941.6
16596,Li28,1945.0
14209,Li28,1945.7
16545,Li28,1947.9
16033,Li28,1949.8000000000002
53065,Mi1,1950.0000000000002
11981,Li28,1950.2
19292,Li28,1950.6000000000001
15263,Li28,1951.0
20264,Li28,1952.5
17280,Li28,1953.9
17596,Li28,1954.0000000000002
15019,Li28,1955.3
23047,Li28,1955.3
15909,Li28,1955.9
16596,Li28,1960.0000000000002
14209,Li28,1961.3
16545,Li28,1962.0000000000002
53065,Mi1,1963.4
16033,Li28,1963.6
11981,Li28,1963.8
15263,Li28,1965.0
19292,Li28,1965.5
20264,Li28,1967.4
17280,Li28,1968.3000000000002
17596,Li28,1968.3000000000002
23047,Li28,1970.8
15909,Li28,1971.1000000000001
15019,Li28,1971.4
16596,Li28,1974.6000000000001
14209,Li28,1976.2
16545,Li28,1976.9
16033,Li28,1978.5
11981,Li28,1979.0
19292,Li28,1979.7
53065,Mi1,1980.0000000000002
15263,Li28,1980.1000000000001
20264,Li28,1981.6
17596,Li28,1983.1000000000001
17280,Li28,1983.6
15909,Li28,1984.6000000000001
23047,Li28,1985.2
15019,Li28,1985.3
16596,Li28,1989.7
14209,Li28,1990.5000000000002
16545,Li28,1991.8
11981,Li28,1992.9
16033,Li28,1993.3
19292,Li28,1993.6
53065,Mi1,1995.2
15263,Li28,1996.1
20264,Li28,1996.5000000000002
17596,Li28,1997.2
17280,Li28,1998.6000000000001
15019,Li28,1998.7
15909,Li28,1999.6
23047,Li28,1999.7
16596,Li28,2003.9
14209,Li28,2005.8000000000002
16545,Li28,2006.3
16033,Li28,2007.5000000000002
11981,Li28,2007.5000000000002
19292,Li28,2008.1000000000001
53065,Mi1,2010.2000000000003
17596,Li28,2011.1
20264,Li28,2011.2
15263,Li28,2011.5000000000002
17280,Li28,2012.9
15019,Li28,2013.6000000000001
15909,Li28,2013.7
23047,Li28,2015.6
16596,Li28,2017.8000000000002
14209,Li28,2020.0
11981,Li28,2020.9999999999998
16545,Li28,2021.1999999999998
16033,Li28,2021.5
19292,Li28,2023.2999999999997
53065,Mi1,2024.3000000000002
15263,Li28,2025.4000000000003
17596,Li28,2025.9
20264,Li28,2026.8999999999999
17280,Li28,2027.5000000000002
15909,Li28,2028.6
15019,Li28,2029.1000000000001
23047,Li28,2030.8000000000002
16596,Li28,2031.3
16545,Li28,2034.4
14209,Li28,2035.3
11981,Li28,2036.3000000000002
16033,Li28,2036.9
19292,Li28,2038.0000000000002
53065,Mi1,2038.5
15263,Li28,2040.2
17596,Li28,2040.5000000000002
17280,Li28,2042.0000000000002
20264,Li28,2042.1
15909,Li28,2042.6999999999998
15019,Li28,2044.2
23047,Li28,2045.3000000000002
16596,Li28,2046.8000000000002
16545,Li28,2048.9
14209,Li28,2050.1
11981,Li28,2051.2999999999997
16033,Li28,2051.6
19292,Li28,2052.6
53065,Mi1,2053.2
15263,Li28,2054.6000000000004
17596,Li28,2055.6
20264,Li28,2055.7000000000003
17280,Li28,2056.2
15909,Li28,2057.0
15019,Li28,2057.7
23047,Li28,2059.8
16596,Li28,2062.5
14209,Li28,2064.2
16545,Li28,2064.3
11981,Li28,2065.5
19292,Li28,2067.1
16033,Li28,2067.2000000000003
53065,Mi1,2067.9
15263,Li28,2069.8
20264,Li28,2070.6000000000004
17596,Li28,2071.7000000000003
17280,Li28,2071.9
15909,Li28,2072.4
15019,Li28,2073.1
23047,Li28,2074.5
16596,Li28,2077.4
14209,Li28,2078.2000000000003
11981,Li28,2078.5
16545,Li28,2079.2999999999997
16033,Li28,2081.3
19292,Li28,2082.2000000000003
53065,Mi1,2082.9
15263,Li28,2085.2
17280,Li28,2086.3
17596,Li28,2086.3
20264,Li28,2086.3
15909,Li28,2086.4
15019,Li28,2087.5
23047,Li28,2090.1
16596,Li28,2092.4
11981,Li28,2092.7999999999997
14209,Li28,2093.2
16545,Li28,2094.2000000000003
16033,Li28,2095.2999999999997
19292,Li28,2096.9
53065,Mi1,2097.7000000000003
15263,Li28,2100.4
17596,Li28,2100.4
17280,Li28,2100.5
20264,Li28,2101.3
15909,Li28,2101.7999999999997
15019,Li28,2102.1
23047,Li28,2105.3
16596,Li28,2107.2000000000003
14209,Li28,2107.6
11981,Li28,2107.8
16545,Li28,2110.2000000000003
19292,Li28,2110.6000000000004
53065,Mi1,2111.2000000000003
16033,Li28,2111.5
17596,Li28,2114.0000000000005
15263,Li28,2114.5
17280,Li28,2114.5
20264,Li28,2116.0
15019,Li28,2116.3
15909,Li28,2117.0
23047,Li28,2120.1000000000004
16596,Li28,2121.4
11981,Li28,2121.7999999999997
14209,Li28,2123.1
16545,Li28,2124.2
16033,Li28,2125.2
19292,Li28,2125.2
53065,Mi1,2126.3
20264,Li28,2129.2
15263,Li28,2129.4
17280,Li28,2129.4
17596,Li28,2129.7000000000003
15019,Li28,2130.4
15909,Li28,2132.4
11981,Li28,2135.1
23047,Li28,2135.2000000000003
16596,Li28,2135.6
14209,Li28,2137.3
16545,Li28,2138.3
16033,Li28,2138.9
19292,Li28,2139.5
53065,Mi1,2141.5
17596,Li28,2143.5
15019,Li28,2144.2000000000003
20264,Li28,2144.7000000000003
15263,Li28,2144.8
17280,Li28,2145.1000000000004
15909,Li28,2147.2000000000003
11981,Li28,2149.2
16596,Li28,2149.7000000000003
23047,Li28,2150.4
14209,Li28,2151.8
16033,Li28,2154.0
16545,Li28,2154.4
19292,Li28,2155.1
53065,Mi1,2156.1
20264,Li28,2157.7999999999997
15019,Li28,2158.5
15263,Li28,2159.2999999999997
17596,Li28,2159.2999999999997
17280,Li28,2159.7
15909,Li28,2161.5
11981,Li28,2164.1
23047,Li28,2164.7000000000003
16596,Li28,2165.1000000000004
14209,Li28,2166.9
16545,Li28,2168.4
16033,Li28,2168.5000000000005
19292,Li28,2169.0
53065,Mi1,2170.6000000000004
15019,Li28,2172.6
20264,Li28,2173.0
15263,Li28,2173.6
17280,Li28,2174.0
17596,Li28,2174.3999999999996
15909,Li28,2175.4
11981,Li28,2178.3999999999996
16596,Li28,2180.0
23047,Li28,2180.1
14209,Li28,2182.1
16033,Li28,2182.7
19292,Li28,2183.4
16545,Li28,2183.7
53065,Mi1,2185.5
15263,Li28,2187.9
17596,Li28,2188.1
20264,Li28,2188.2000000000003
15019,Li28,2188.6
17280,Li28,2188.6
15909,Li28,2191.2000000000003
11981,Li28,2193.2
16596,Li28,2194.3999999999996
23047,Li28,2195.7
16033,Li28,2196.4
14209,Li28,2196.5
19292,Li28,2197.0
16545,Li28,2197.5
53065,Mi1,2201.5
17280,Li28,2202.7000000000003
20264,Li28,2202.7000000000003
15263,Li28,2202.8
17596,Li28,2203.2000000000003
15019,Li28,2203.7
15909,Li28,2206.1
11981,Li28,2207.6000000000004
16596,Li28,2208.5
23047,Li28,2210.2
19292,Li28,2210.5
14209,Li28,2210.7000000000003
16033,Li28,2212.1
16545,Li28,2214.4
53065,Mi1,2215.4
15263,Li28,2217.1000000000004
15019,Li28,2217.2
20264,Li28,2218.3
17280,Li28,2218.8
17596,Li28,2218.9
11981,Li28,2222.2
15909,Li28,2222.6
16596,Li28,2223.3
23047,Li28,2223.7
14209,Li28,2225.2
19292,Li28,2225.5
16033,Li28,2227.5
16545,Li28,2228.2999999999997
53065,Mi1,2228.4
15263,Li28,2230.7000000000003
15019,Li28,2231.9
20264,Li28,2232.5
17596,Li28,2233.2
17280,Li28,2234.0
11981,Li28,2235.7
15909,Li28,2236.8999999999996
23047,Li28,2238.7000000000003
16596,Li28,2239.2000000000003
14209,Li28,2239.3
19292,Li28,2239.7
16033,Li28,2242.1000000000004
53065,Mi1,2242.5
16545,Li28,2242.6
15263,Li28,2244.8
15019,Li28,2247.4
20264,Li28,2247.6000000000004
17596,Li28,2248.0
17280,Li28,2248.6
11981,Li28,2249.2
15909,Li28,2250.7000000000003
23047,Li28,2252.4
19292,Li28,2253.1000000000004
16596,Li28,2253.3
14209,Li28,2254.9
16033,Li28,2256.8
53065,Mi1,2257.5000000000005
16545,Li28,2258.9
15263,Li28,2259.5
20264,Li28,2261.2000000000003
17596,Li28,2261.7000000000003
15019,Li28,2261.8
17280,Li28,2263.1
11981,Li28,2264.2999999999997
15909,Li28,2266.2
19292,Li28,2266.4
23047,Li28,2266.9
16596,Li28,2268.5
16033,Li28,2270.3
14209,Li28,2270.5
53065,Mi1,2271.3
15263,Li28,2272.7
16545,Li28,2274.3
17596,Li28,2275.5
15019,Li28,2276.0
20264,Li28,2276.8
17280,Li28,2277.5000000000005
11981,Li28,2279.6000000000004
15909,Li28,2280.6
19292,Li28,2280.8
23047,Li28,2281.7000000000003
16596,Li28,2283.5
14209,Li28,2286.2
16033,Li28,2286.4
53065,Mi1,2286.7999999999997
15263,Li28,2287.5
16545,Li28,2289.2999999999997
15019,Li28,2289.5000000000005
17596,Li28,2291.0
17280,Li28,2291.9
20264,Li28,2293.5000000000005
11981,Li28,2294.6
19292,Li28,2295.0
15909,Li28,2295.7
23047,Li28,2295.9
16596,Li28,2298.0
16033,Li28,2301.2999999999997
53065,Mi1,2301.2999999999997
16545,Li28,2302.6
14209,Li28,2302.6
15263,Li28,2303.3999999999996
15019,Li28,2303.8
17596,Li28,2305.9
17280,Li28,2306.9
19292,Li28,2308.0
20264,Li28,2308.0
11981,Li28,2308.9
23047,Li28,2310.4
15909,Li28,2310.6
16596,Li28,2313.0
53065,Mi1,2315.2
16033,Li28,2316.4
14209,Li28,2316.8
15263,Li28,2317.7000000000003
16545,Li28,2317.7000000000003
15019,Li28,2319.9
17280,Li28,2320.9
17596,Li28,2320.9
19292,Li28,2322.7999999999997
20264,Li28,2324.5
11981,Li28,2324.8
23047,Li28,2325.0
15909,Li28,2325.7000000000003
16596,Li28,2327.9
53065,Mi1,2330.6
16033,Li28,2330.9
15263,Li28,2331.4
16545,Li28,2331.7000000000003
14209,Li28,2332.3
15019,Li28,2335.1
17596,Li28,2336.9
17280,Li28,2337.0
19292,Li28,2337.7000000000003
20264,Li28,2338.9
23047,Li28,2339.0
15909,Li28,2339.9
11981,Li28,2340.3
16596,Li28,2343.1
16033,Li28,2344.0000000000005
53065,Mi1,2344.4
15263,Li28,2345.5
16545,Li28,2346.4
14209,Li28,2346.7000000000003
15019,Li28,2350.2
17596,Li28,2351.2
17280,Li28,2352.8
19292,Li28,2353.1
20264,Li28,2353.6
11981,Li28,2354.0
23047,Li28,2354.1000000000004
15909,Li28,2355.9
16033,Li28,2358.3
16596,Li28,2358.3
53065,Mi1,2359.1000000000004
15263,Li28,2359.2
16545,Li28,2361.2000000000003
14209,Li28,2362.5
15019,Li28,2364.6000000000004
17596,Li28,2365.8
17280,Li28,2366.1000000000004
19292,Li28,2367.9
20264,Li28,2368.3
11981,Li28,2368.8
23047,Li28,2369.5
15909,Li28,2371.0
16033,Li28,2372.1
15263,Li28,2373.1
16596,Li28,2373.5
53065,Mi1,2374.6
16545,Li28,2375.4
14209,Li28,2376.6000000000004
15019,Li28,2379.0
17280,Li28,2380.5
17596,Li28,2381.6
19292,Li28,2382.2000000000003
11981,Li28,2383.1000000000004
20264,Li28,2383.2
23047,Li28,2384.3
15909,Li28,2386.4
16033,Li28,2387.2
16596,Li28,2387.3
15263,Li28,2387.9
53065,Mi1,2389.6
16545,Li28,2390.0
14209,Li28,2391.0
15019,Li28,2394.8
17280,Li28,2394.8
19292,Li28,2395.5
20264,Li28,2396.7
11981,Li28,2397.2000000000003
17596,Li28,2397.6
23047,Li28,2398.6
15909,Li28,2400.5
16033,Li28,2401.8
15263,Li28,2402.2000000000003
16596,Li28,2402.3
53065,Mi1,2403.9
14209,Li28,2405.0
16545,Li28,2405.1
17280,Li28,2409.2999999999997
15019,Li28,2409.5
11981,Li28,2410.4
19292,Li28,2410.7000000000003
20264,Li28,2411.7999999999997
17596,Li28,2412.1
23047,Li28,2414.5000000000005
15909,Li28,2414.6
16033,Li28,2415.4
16596,Li28,2415.5
15263,Li28,2417.8
53065,Mi1,2419.1000000000004
16545,Li28,2419.5
14209,Li28,2420.4
15019,Li28,2423.9
11981,Li28,2424.5
17280,Li28,2425.5
20264,Li28,2425.6000000000004
19292,Li28,2426.2000000000003
17596,Li28,2426.9
16033,Li28,2428.7
15909,Li28,2428.8
23047,Li28,2428.9
16596,Li28,2429.2000000000003
15263,Li28,2430.9
16545,Li28,2433.5
14209,Li28,2433.9
53065,Mi1,2434.9
11981,Li28,2438.5000000000005
15019,Li28,2439.0
17280,Li28,2440.1
19292,Li28,2440.3
20264,Li28,2441.7
17596,Li28,2442.2000000000003
16596,Li28,2443.3
15909,Li28,2443.9
23047,Li28,2444.1
16033,Li28,2444.2
15263,Li28,2444.5
16545,Li28,2448.3999999999996
53065,Mi1,2449.1
14209,Li28,2450.1
15019,Li28,2454.1
11981,Li28,2454.2999999999997
19292,Li28,2455.1000000000004
17280,Li28,2455.4
20264,Li28,2455.5
17596,Li28,2457.0000000000005
23047,Li28,2457.1
16596,Li28,2458.0
15909,Li28,2458.2999999999997
15263,Li28,2458.5
16033,Li28,2459.5
53065,Mi1,2464.0
16545,Li28,2464.2
14209,Li28,2464.9
15019,Li28,2468.8
19292,Li28,2468.9
11981,Li28,2469.3
20264,Li28,2469.9
17280,Li28,2470.2999999999997
16596,Li28,2471.7000000000003
23047,Li28,2471.7000000000003
17596,Li28,2471.7999999999997
15909,Li28,2473.8
15263,Li28,2474.2000000000003
16033,Li28,2474.6
53065,Mi1,2478.2000000000003
16545,Li28,2478.9
14209,Li28,2479.1000000000004
15019,Li28,2483.3
20264,Li28,2484.1000000000004
17280,Li28,2485.0000000000005
19292,Li28,2485.2000000000003
16596,Li28,2485.9
11981,Li28,2486.0
17596,Li28,2487.4
23047,Li28,2487.5
16033,Li28,2488.1000000000004
15909,Li28,2488.3
15263,Li28,2491.2
53065,Mi1,2491.7000000000003
16545,Li28,2493.8
14209,Li28,2494.2999999999997
15019,Li28,2498.6
20264,Li28,2499.0
16596,Li28,2499.9
19292,Li28,2500.0
17280,Li28,2500.5
11981,Li28,2501.0000000000005
17596,Li28,2501.7
16033,Li28,2502.8
23047,Li28,2502.8
15909,Li28,2502.8999999999996
53065,Mi1,2505.7
15263,Li28,2508.0
14209,Li28,2508.9
16545,Li28,2509.2000000000003
15019,Li28,2513.1
16596,Li28,2513.9
20264,Li28,2513.9
17280,Li28,2514.8
19292,Li28,2515.1000000000004
11981,Li28,2516.2
23047,Li28,2516.9
17596,Li28,2517.2000000000003
16033,Li28,2517.3
15909,Li28,2518.1
53065,Mi1,2520.9
15263,Li28,2522.2999999999997
14209,Li28,2523.8
16545,Li28,2525.6000000000004
15019,Li28,2527.9
20264,Li28,2528.6
16596,Li28,2529.7
17280,Li28,2530.0
19292,Li28,2530.2999999999997
11981,Li28,2530.8
16033,Li28,2531.1
15909,Li28,2531.5000000000005
17596,Li28,2532.4
23047,Li28,2532.7000000000003
53065,Mi1,2535.6
15263,Li28,2537.4
16545,Li28,2538.7
14209,Li28,2539.3
20264,Li28,2542.0
15019,Li28,2543.3
16596,Li28,2543.5000000000005
17280,Li28,2544.7000000000003
19292,Li28,2545.0
15909,Li28,2545.4
16033,Li28,2545.5
17596,Li28,2545.5
11981,Li28,2546.4
23047,Li28,2546.9
53065,Mi1,2550.6000000000004
16545,Li28,2552.4
14209,Li28,2552.7000000000003
15263,Li28,2553.1
20264,Li28,2556.2
16596,Li28,2558.2000000000003
15019,Li28,2558.6000000000004
19292,Li28,2559.6
17280,Li28,2559.9
17596,Li28,2559.9
15909,Li28,2560.2
16033,Li28,2560.7000000000003
23047,Li28,2561.1
11981,Li28,2561.8
53065,Mi1,2565.9
16545,Li28,2566.0
14209,Li28,2567.4
15263,Li28,2568.5
20264,Li28,2570.0000000000005
16596,Li28,2572.7999999999997
15019,Li28,2572.9
19292,Li28,2573.3999999999996
17280,Li28,2574.5
15909,Li28,2575.0
16033,Li28,2575.4
17596,Li28,2575.8
23047,Li28,2576.3
11981,Li28,2577.3
16545,Li28,2580.4
53065,Mi1,2580.7000000000003
14209,Li28,2581.3999999999996
15263,Li28,2582.3
20264,Li28,2584.7000000000003
16596,Li28,2586.8
15019,Li28,2588.1000000000004
19292,Li28,2588.7000000000003
17280,Li28,2589.0
15909,Li28,2590.2000000000003
17596,Li28,2591.0
16033,Li28,2591.2000000000003
23047,Li28,2591.2999999999997
11981,Li28,2593.3
53065,Mi1,2594.3
16545,Li28,2595.0
14209,Li28,2596.7000000000003
15263,Li28,2597.1
20264,Li28,2600.0
16596,Li28,2602.7
17280,Li28,2603.2999999999997
19292,Li28,2603.2999999999997
15019,Li28,2603.5
15909,Li28,2604.4
17596,Li28,2605.6
23047,Li28,2605.8
16033,Li28,2606.7
11981,Li28,2608.1000000000004
53065,Mi1,2609.2
16545,Li28,2609.4
15263,Li28,2610.6000000000004
14209,Li28,2610.8
20264,Li28,2615.1
19292,Li28,2616.9
15909,Li28,2617.7999999999997
17280,Li28,2618.2000000000003
15019,Li28,2618.4
16596,Li28,2618.4
23047,Li28,2621.1000000000004
17596,Li28,2621.3
16033,Li28,2621.6
11981,Li28,2622.0000000000005
53065,Mi1,2623.7
16545,Li28,2624.4
14209,Li28,2624.7000000000003
15263,Li28,2624.9
20264,Li28,2628.4
19292,Li28,2631.4
15909,Li28,2631.7
15019,Li28,2632.2
16596,Li28,2632.5000000000005
17280,Li28,2633.5
23047,Li28,2635.5
16033,Li28,2636.1000000000004
11981,Li28,2636.1000000000004
17596,Li28,2636.7000000000003
16545,Li28,2638.5
53065,Mi1,2639.6
15263,Li28,2640.3
14209,Li28,2640.4
20264,Li28,2642.6000000000004
19292,Li28,2645.1000000000004
15909,Li28,2646.2000000000003
15019,Li28,2646.3
16596,Li28,2647.4
17280,Li28,2648.4
11981,Li28,2650.8
16033,Li28,2651.0
17596,Li28,2651.0
23047,Li28,2651.6
16545,Li28,2652.3
53065,Mi1,2654.5
15263,Li28,2655.0
14209,Li28,2655.2000000000003
20264,Li28,2658.3
19292,Li28,2659.5
15909,Li28,2660.7000000000003
15019,Li28,2661.3
16596,Li28,2662.5
17280,Li28,2663.1
16033,Li28,2665.4
23047,Li28,2665.5
17596,Li28,2665.7999999999997
11981,Li28,2666.0
16545,Li28,2666.0
14209,Li28,2668.2000000000003
15263,Li28,2668.9
53065,Mi1,2669.3
20264,Li28,2673.4
19292,Li28,2674.3
15909,Li28,2675.9
15019,Li28,2676.4
16596,Li28,2678.0
17280,Li28,2679.5
11981,Li28,2679.6000000000004
17596,Li28,2679.7
16033,Li28,2680.1
16545,Li28,2680.3
23047,Li28,2680.3
14209,Li28,2682.5
15263,Li28,2682.9
53065,Mi1,2685.3
19292,Li28,2687.6000000000004
20264,Li28,2687.8
15019,Li28,2690.4
15909,Li28,2690.5
16596,Li28,2692.6
16033,Li28,2694.0
11981,Li28,2694.4
17280,Li28,2694.8
17596,Li28,2694.8
16545,Li28,2695.6000000000004
15263,Li28,2696.0
23047,Li28,2696.5000000000005
14209,Li28,2696.7000000000003
53065,Mi1,2700.2999999999997
20264,Li28,2702.3999999999996
19292,Li28,2703.4
15019,Li28,2705.4
15909,Li28,2706.0
16596,Li28,2708.4
11981,Li28,2708.8
16033,Li28,2709.3
17280,Li28,2709.7999999999997
17596,Li28,2709.7999999999997
23047,Li28,2710.5
16545,Li28,2710.6000000000004
14209,Li28,2711.3
15263,Li28,2711.4
53065,Mi1,2716.0
19292,Li28,2717.4
20264,Li28,2718.0
15909,Li28,2720.4
15019,Li28,2721.3
11981,Li28,2722.2
16033,Li28,2722.4
16596,Li28,2722.8
17596,Li28,2724.2000000000003
15263,Li28,2724.8
16545,Li28,2725.1000000000004
14209,Li28,2725.3
23047,Li28,2725.5
17280,Li28,2725.6
53065,Mi1,2731.5
20264,Li28,2731.7
19292,Li28,2732.2999999999997
15909,Li28,2735.1
15019,Li28,2735.4
16033,Li28,2736.9
11981,Li28,2737.0
16596,Li28,2737.4
15263,Li28,2739.0000000000005
17280,Li28,2739.0000000000005
14209,Li28,2739.2000000000003
17596,Li28,2739.7
23047,Li28,2739.9
16545,Li28,2740.1
19292,Li28,2746.3
53065,Mi1,2746.3
20264,Li28,2746.6
15909,Li28,2750.1000000000004
15019,Li28,2750.3
16596,Li28,2751.9
17280,Li28,2752.2000000000003
11981,Li28,2752.2999999999997
16033,Li28,2752.4
23047,Li28,2753.2
15263,Li28,2753.3
17596,Li28,2754.2
14209,Li28,2754.3
16545,Li28,2755.0000000000005
19292,Li28,2760.6
53065,Mi1,2760.7
20264,Li28,2761.0
15909,Li28,2765.1000000000004
15019,Li28,2765.4
11981,Li28,2765.7000000000003
17280,Li28,2766.4
16033,Li28,2766.6
23047,Li28,2767.0000000000005
16596,Li28,2767.6000000000004
17596,Li28,2768.0
14209,Li28,2768.7
16545,Li28,2768.7
15263,Li28,2769.7000000000003
53065,Mi1,2774.7000000000003
20264,Li28,2775.1
19292,Li28,2775.6000000000004
15909,Li28,2779.4
15019,Li28,2779.7
17280,Li28,2780.1
16033,Li28,2781.1000000000004
11981,Li28,2781.4
23047,Li28,2781.5000000000005
17596,Li28,2781.7000000000003
16596,Li28,2782.5
16545,Li28,2783.3
15263,Li28,2784.2999999999997
14209,Li28,2784.4
53065,Mi1,2789.6
19292,Li28,2790.3
20264,Li28,2790.3
17280,Li28,2793.7000000000003
15909,Li28,2794.0
15019,Li28,2794.7000000000003
16033,Li28,2795.0
23047,Li28,2796.2000000000003
11981,Li28,2796.7
17596,Li28,2796.8
16545,Li28,2797.5000000000005
16596,Li28,2797.5000000000005
15263,Li28,2798.5
14209,Li28,2800.9
53065,Mi1,2803.8
19292,Li28,2805.1
20264,Li28,2805.3
17280,Li28,2808.5
16033,Li28,2808.6000000000004
15909,Li28,2808.9
23047,Li28,2810.0
15019,Li28,2810.7000000000003
17596,Li28,2810.7000000000003
11981,Li28,2811.5
16545,Li28,2813.0
16596,Li28,2813.3
15263,Li28,2813.6
14209,Li28,2816.7
53065,Mi1,2818.6
19292,Li28,2819.3
20264,Li28,2821.2999999999997
15909,Li28,2823.0
17280,Li28,2823.2
17596,Li28,2823.4
16033,Li28,2823.6000000000004
11981,Li28,2826.0
23047,Li28,2826.2
15019,Li28,2826.3
16545,Li28,2826.9
15263,Li28,2828.4
16596,Li28,2829.5000000000005
14209,Li28,2831.8
19292,Li28,2833.2999999999997
53065,Mi1,2834.4
20264,Li28,2836.4
15909,Li28,2837.0
17596,Li28,2837.7000000000003
16033,Li28,2837.9
17280,Li28,2838.4
11981,Li28,2840.2000000000003
23047,Li28,2840.3
16545,Li28,2842.1000000000004
15019,Li28,2842.3
15263,Li28,2843.9
16596,Li28,2844.6000000000004
14209,Li28,2846.5
19292,Li28,2848.3
53065,Mi1,2849.2999999999997
20264,Li28,2851.3
15909,Li28,2852.5
16033,Li28,2853.1
17596,Li28,2853.7000000000003
11981,Li28,2854.2
17280,Li28,2854.4
23047,Li28,2854.6
16545,Li28,2857.1
15263,Li28,2857.5
15019,Li28,2857.9
16596,Li28,2860.4
19292,Li28,2861.7000000000003
14209,Li28,2862.5
53065,Mi1,2864.7
20264,Li28,2865.9
15909,Li28,2867.3
17596,Li28,2867.8
17280,Li28,2867.9
23047,Li28,2868.1
11981,Li28,2868.5
16033,Li28,2868.9
15263,Li28,2872.1
15019,Li28,2872.1
16545,Li28,2872.2000000000003
16596,Li28,2874.7000000000003
19292,Li28,2875.8
14209,Li28,2878.1000000000004
53065,Mi1,2878.8
20264,Li28,2879.7000000000003
23047,Li28,2881.7
17280,Li28,2882.5
17596,Li28,2883.2
15909,Li28,2883.3
11981,Li28,2883.7000000000003
16033,Li28,2884.0000000000005
16545,Li28,2886.6
15019,Li28,2886.9
15263,Li28,2887.5
19292,Li28,2889.5
16596,Li28,2889.8
14209,Li28,2892.1
20264,Li28,2894.5000000000005
53065,Mi1,2895.3
23047,Li28,2896.2000000000003
17280,Li28,2896.5
17596,Li28,2897.4
11981,Li28,2898.1000000000004
15909,Li28,2898.2000000000003
16033,Li28,2898.7000000000003
15019,Li28,2900.8
16545,Li28,2901.5
19292,Li28,2903.7999999999997
15263,Li28,2904.0000000000005
16596,Li28,2904.0000000000005
14209,Li28,2907.1000000000004
20264,Li28,2908.9
53065,Mi1,2909.7
17280,Li28,2910.2000000000003
23047,Li28,2910.7000000000003
17596,Li28,2911.2
15909,Li28,2912.1
16033,Li28,2912.6000000000004
11981,Li28,2913.0
15019,Li28,2914.1000000000004
16545,Li28,2917.7
19292,Li28,2918.1000000000004
16596,Li28,2918.8
15263,Li28,2918.9
14209,Li28,2922.5000000000005
20264,Li28,2922.6
23047,Li28,2924.7
17280,Li28,2924.8
17596,Li28,2925.4
11981,Li28,2926.4
16033,Li28,2926.7000000000003
53065,Mi1,2926.7000000000003
15909,Li28,2927.4
15019,Li28,2927.9
15263,Li28,2932.1
19292,Li28,2932.8
16545,Li28,2933.9
16596,Li28,2934.6
20264,Li28,2936.9
14209,Li28,2937.7
17280,Li28,2939.0
23047,Li28,2939.0
17596,Li28,2939.5
11981,Li28,2940.0
16033,Li28,2940.9
53065,Mi1,2941.3
15909,Li28,2942.0
15019,Li28,2942.3
15263,Li28,2946.6
16545,Li28,2947.6
19292,Li28,2947.6
16596,Li28,2949.9
20264,Li28,2950.8
14209,Li28,2952.1
17280,Li28,2953.6000000000004
23047,Li28,2953.7
17596,Li28,2953.9
11981,Li28,2955.0
53065,Mi1,2955.3
15909,Li28,2956.2
15019,Li28,2956.3
16033,Li28,2956.5
15263,Li28,2961.7
19292,Li28,2963.7000000000003
16545,Li28,2963.7999999999997
20264,Li28,2964.3999999999996
16596,Li28,2965.8
14209,Li28,2967.3
17280,Li28,2967.5
23047,Li28,2968.3
17596,Li28,2968.5
11981,Li28,2969.8
53065,Mi1,2970.2000000000003
15909,Li28,2970.2999999999997
15019,Li28,2970.8
16033,Li28,2972.0
15263,Li28,2976.1
19292,Li28,2978.7000000000003
16545,Li28,2979.1000000000004
20264,Li28,2979.2
16596,Li28,2980.3
14209,Li28,2981.7
17280,Li28,2982.5
23047,Li28,2982.6
17596,Li28,2983.5
53065,Mi1,2984.8
11981,Li28,2985.0000000000005
15019,Li28,2985.1
15909,Li28,2985.3
16033,Li28,2986.6
15263,Li28,2990.5
19292,Li28,2992.6
16545,Li28,2994.6
14209,Li28,2995.0
20264,Li28,2995.5
16596,Li28,2995.8
17280,Li28,2997.5
23047,Li28,2997.8
17596,Li28,2998.9
15019,Li28,2999.2
53065,Mi1,2999.7000000000003
15909,Li28,3000.0
11981,Li28,3000.5
16033,Li28,3000.7000000000003
15263,Li28,3004.8
19292,Li28,3006.6
14209,Li28,3009.3
16596,Li28,3009.8
20264,Li28,3010.5
16545,Li28,3010.6
17280,Li28,3011.6
23047,Li28,3011.8
15019,Li28,3013.3
17596,Li28,3014.0
53065,Mi1,3014.0
15909,Li28,3014.2999999999997
11981,Li28,3014.7
16033,Li28,3016.5
15263,Li28,3019.8
19292,Li28,3022.2999999999997
16596,Li28,3024.5
16545,Li28,3025.4
17280,Li28,3025.9
14209,Li28,3026.0
20264,Li28,3026.5
23047,Li28,3027.0
53065,Mi1,3028.3
15019,Li28,3028.5
17596,Li28,3029.7
15909,Li28,3029.9
16033,Li28,3032.4
11981,Li28,3032.6
15263,Li28,3034.2999999999997
19292,Li28,3036.6
16596,Li28,3039.0
14209,Li28,3039.3
16545,Li28,3040.4
17280,Li28,3041.0
20264,Li28,3041.3
23047,Li28,3042.1
15019,Li28,3043.3
17596,Li28,3044.3
15909,Li28,3044.4
53065,Mi1,3044.7999999999997
16033,Li28,3047.1000000000004
11981,Li28,3047.6
15263,Li28,3049.2000000000003
14209,Li28,3052.9
19292,Li28,3053.3
16596,Li28,3054.0
16545,Li28,3054.4
17280,Li28,3055.1
20264,Li28,3056.3
23047,Li28,3057.7
15019,Li28,3058.5
17596,Li28,3059.0
15909,Li28,3059.8
53065,Mi1,3059.8
11981,Li28,3061.9
16033,Li28,3062.7
15263,Li28,3065.5
14209,Li28,3067.1
16596,Li28,3068.5
19292,Li28,3069.0
16545,Li28,3069.6000000000004
17280,Li28,3070.1
20264,Li28,3071.5000000000005
23047,Li28,3072.3
15019,Li28,3073.0
17596,Li28,3073.2
15909,Li28,3074.3
53065,Mi1,3075.4
11981,Li28,3077.4
16033,Li28,3077.6000000000004
15263,Li28,3080.7000000000003
19292,Li28,3083.2999999999997
14209,Li28,3083.4
16596,Li28,3084.2
16545,Li28,3084.9
17280,Li28,3085.2
23047,Li28,3086.0000000000005
20264,Li28,3087.4
15019,Li28,3087.8
17596,Li28,3088.5
15909,Li28,3089.4
53065,Mi1,3090.2000000000003
16033,Li28,3091.5000000000005
11981,Li28,3093.5
15263,Li28,3094.3
14209,Li28,3098.1
19292,Li28,3098.4
16545,Li28,3098.8
16596,Li28,3099.7000000000003
17280,Li28,3100.3
23047,Li28,3101.5
20264,Li28,3102.4
17596,Li28,3102.8
15909,Li28,3103.2000000000003
15019,Li28,3103.4
53065,Mi1,3105.1
16033,Li28,3106.4
15263,Li28,3107.4
11981,Li28,3108.7999999999997
19292,Li28,3112.4
14209,Li28,3113.0
16545,Li28,3113.7000000000003
16596,Li28,3114.7
23047,Li28,3115.2999999999997
17280,Li28,3115.6
20264,Li28,3115.7000000000003
17596,Li28,3116.3
15909,Li28,3117.6000000000004
15019,Li28,3118.1
53065,Mi1,3118.4
16033,Li28,3121.2
15263,Li28,3122.8
11981,Li28,3123.2000000000003
16545,Li28,3127.0
19292,Li28,3127.4
14209,Li28,3128.1000000000004
16596,Li28,3130.0000000000005
17280,Li28,3130.6000000000004
23047,Li28,3131.0
20264,Li28,3131.2999999999997
15019,Li28,3132.5
17596,Li28,3132.8
15909,Li28,3132.9
53065,Mi1,3133.3
16033,Li28,3135.2999999999997
15263,Li28,3137.0
11981,Li28,3137.7000000000003
16545,Li28,3141.9
19292,Li28,3142.0000000000005
14209,Li28,3142.5
16596,Li28,3144.7000000000003
20264,Li28,3145.2
23047,Li28,3145.7000000000003
15019,Li28,3146.3
17280,Li28,3146.5
17596,Li28,3146.9
53065,Mi1,3147.4
15909,Li28,3147.6
16033,Li28,3150.3
15263,Li28,3151.0
11981,Li28,3151.2999999999997
19292,Li28,3155.5
14209,Li28,3156.1000000000004
16545,Li28,3157.5
16596,Li28,3158.6000000000004
23047,Li28,3159.6
20264,Li28,3160.9
17280,Li28,3161.1000000000004
15019,Li28,3161.2
53065,Mi1,3162.4
17596,Li28,3162.6000000000004
15909,Li28,3162.7
16033,Li28,3165.7999999999997
11981,Li28,3166.7
15263,Li28,3167.5
19292,Li28,3170.4
14209,Li28,3171.2000000000003
16596,Li28,3172.1000000000004
16545,Li28,3172.3
17280,Li28,3174.5
20264,Li28,3174.7
23047,Li28,3175.1
15019,Li28,3176.3
15909,Li28,3177.7000000000003
17596,Li28,3177.9
53065,Mi1,3179.0
11981,Li28,3180.8
16033,Li28,3181.3
15263,Li28,3182.5
14209,Li28,3184.9
19292,Li28,3185.3
16596,Li28,3185.9
16545,Li28,3186.0
23047,Li28,3189.4
20264,Li28,3189.5
17280,Li28,3189.7000000000003
15909,Li28,3191.2000000000003
17596,Li28,3192.3
15019,Li28,3192.4
53065,Mi1,3194.6000000000004
11981,Li28,3195.0
16033,Li28,3196.0
15263,Li28,3197.0
14209,Li28,3198.7
19292,Li28,3199.4
16596,Li28,3199.9
16545,Li28,3200.2000000000003
20264,Li28,3203.1
23047,Li28,3203.6000000000004
17280,Li28,3204.9
15909,Li28,3205.2
17596,Li28,3206.2
15019,Li28,3207.1
53065,Mi1,3209.1000000000004
11981,Li28,3209.7000000000003
16033,Li28,3209.7000000000003
15263,Li28,3211.7
14209,Li28,3213.3
19292,Li28,3213.6
16545,Li28,3214.6000000000004
16596,Li28,3215.8
20264,Li28,3217.2
17280,Li28,3218.6000000000004
23047,Li28,3219.5
15909,Li28,3220.2000000000003
17596,Li28,3220.2999999999997
15019,Li28,3221.7999999999997
16033,Li28,3223.7
53065,Mi1,3223.7
11981,Li28,3224.4
15263,Li28,3226.7000000000003
14209,Li28,3227.7
19292,Li28,3227.8
16545,Li28,3228.7000000000003
16596,Li28,3230.4
20264,Li28,3231.0000000000005
17280,Li28,3233.5
23047,Li28,3233.7000000000003
17596,Li28,3234.1
15909,Li28,3234.9
15019,Li28,3236.0
53065,Mi1,3238.2
16033,Li28,3238.6000000000004
11981,Li28,3240.2999999999997
14209,Li28,3241.7999999999997
19292,Li28,3242.2
15263,Li28,3242.3
16545,Li28,3243.4
16596,Li28,3245.2
20264,Li28,3246.5
23047,Li28,3247.4
17596,Li28,3248.6
17280,Li28,3248.8
15909,Li28,3250.0
15019,Li28,3250.1000000000004
53065,Mi1,3252.2000000000003
16033,Li28,3254.1000000000004
11981,Li28,3256.5
14209,Li28,3256.9
15263,Li28,3257.3
19292,Li28,3258.0
16545,Li28,3258.5
20264,Li28,3260.0
16596,Li28,3260.1
23047,Li28,3262.8
17596,Li28,3263.3
15019,Li28,3263.7
17280,Li28,3264.2999999999997
15909,Li28,3264.8
53065,Mi1,3266.4
16033,Li28,3269.9
14209,Li28,3271.5
15263,Li28,3271.9
11981,Li28,3272.1
19292,Li28,3272.9
16545,Li28,3273.6
20264,Li28,3273.6
16596,Li28,3274.9
15019,Li28,3277.7000000000003
23047,Li28,3277.7000000000003
17596,Li28,3278.9
17280,Li28,3279.8
15909,Li28,3280.2999999999997
53065,Mi1,3281.1000000000004
16033,Li28,3284.4
14209,Li28,3286.9
11981,Li28,3287.8
15263,Li28,3287.9
19292,Li28,3288.6
16545,Li28,3288.9
16596,Li28,3288.9
20264,Li28,3289.3
15019,Li28,3292.0
23047,Li28,3292.4
17596,Li28,3294.1000000000004
17280,Li28,3294.2
53065,Mi1,3295.7
15909,Li28,3297.0
16033,Li28,3299.4
14209,Li28,3300.9
11981,Li28,3302.1000000000004
16596,Li28,3303.1
19292,Li28,3303.4
15263,Li28,3303.8
16545,Li28,3304.1
20264,Li28,3305.1000000000004
23047,Li28,3306.3
15019,Li28,3306.7999999999997
17280,Li28,3308.0
17596,Li28,3308.4
53065,Mi1,3310.5
15909,Li28,3311.2000000000003
16033,Li28,3313.8
14209,Li28,3315.7
11981,Li28,3316.4
19292,Li28,3317.1
16596,Li28,3317.3
15263,Li28,3318.1000000000004
16545,Li28,3319.2000000000003
20264,Li28,3319.8
23047,Li28,3320.7
17280,Li28,3321.2000000000003
15019,Li28,3321.8
17596,Li28,3323.2000000000003
15909,Li28,3326.5
53065,Mi1,3327.5
16033,Li28,3328.6000000000004
14209,Li28,3330.3
11981,Li28,3330.7000000000003
16596,Li28,3330.7000000000003
19292,Li28,3331.8
15263,Li28,3332.2000000000003
16545,Li28,3333.6
20264,Li28,3334.4
23047,Li28,3335.0
15019,Li28,3335.1
17280,Li28,3336.0000000000005
17596,Li28,3337.7000000000003
15909,Li28,3340.3
53065,Mi1,3342.1000000000004
16033,Li28,3343.9
16596,Li28,3344.5
11981,Li28,3345.1
14209,Li28,3345.2000000000003
15263,Li28,3346.4
19292,Li28,3346.9
16545,Li28,3347.9
20264,Li28,3348.5
23047,Li28,3349.6
15019,Li28,3350.4
17280,Li28,3351.2
15909,Li28,3353.8
17596,Li28,3354.2
53065,Mi1,3356.4
16033,Li28,3358.5
16596,Li28,3359.2
11981,Li28,3359.9
14209,Li28,3360.8
15263,Li28,3362.2
19292,Li28,3362.4
16545,Li28,3362.6
20264,Li28,3363.6000000000004
23047,Li28,3364.0000000000005
15019,Li28,3364.7
17280,Li28,3365.4
15909,Li28,3369.2999999999997
17596,Li28,3369.5
53065,Mi1,3371.1000000000004
16033,Li28,3373.8
16596,Li28,3373.9
11981,Li28,3374.4
14209,Li28,3376.0000000000005
15263,Li28,3376.9
16545,Li28,3377.8
19292,Li28,3378.2
20264,Li28,3378.4
23047,Li28,3379.0
15019,Li28,3379.6000000000004
17280,Li28,3381.6
15909,Li28,3384.0000000000005
17596,Li28,3385.0
53065,Mi1,3386.8
11981,Li28,3387.7000000000003
16033,Li28,3387.8
16596,Li28,3387.8
14209,Li28,3390.1000000000004
15263,Li28,3391.3
20264,Li28,3392.4
16545,Li28,3392.5
19292,Li28,3393.2000000000003
15019,Li28,3394.2
23047,Li28,3395.2
17280,Li28,3396.4
17596,Li28,3399.0
15909,Li28,3399.2
53065,Mi1,3400.7
16596,Li28,3402.1000000000004
11981,Li28,3402.8
16033,Li28,3403.6
14209,Li28,3404.8
15263,Li28,3406.7000000000003
20264,Li28,3407.3
16545,Li28,3407.4
19292,Li28,3407.4
15019,Li28,3409.1
23047,Li28,3409.7
17280,Li28,3412.7
17596,Li28,3413.0
15909,Li28,3414.2000000000003
53065,Mi1,3415.3
16033,Li28,3417.2000000000003
16596,Li28,3417.9
11981,Li28,3418.8
14209,Li28,3420.4
20264,Li28,3421.4
19292,Li28,3422.0
16545,Li28,3422.1000000000004
15263,Li28,3422.3
15019,Li28,3423.7000000000003
23047,Li28,3424.7
17280,Li28,3426.8
17596,Li28,3427.5
15909,Li28,3428.4
53065,Mi1,3430.1000000000004
16033,Li28,3431.6
16596,Li28,3432.8
11981,Li28,3433.7
14209,Li28,3435.3
20264,Li28,3435.9
15019,Li28,3436.6000000000004
19292,Li28,3436.6000000000004
15263,Li28,3437.2999999999997
16545,Li28,3437.9
23047,Li28,3438.1000000000004
17280,Li28,3441.0
17596,Li28,3442.9
15909,Li28,3443.1000000000004
53065,Mi1,3444.7
16033,Li28,3445.6000000000004
11981,Li28,3446.8
16596,Li28,3448.5
14209,Li28,3449.9
20264,Li28,3451.0
19292,Li28,3451.4
15019,Li28,3452.1
15263,Li28,3452.5
16545,Li28,3453.1
23047,Li28,3453.2000000000003
17280,Li28,3455.2
17596,Li28,3455.7000000000003
15909,Li28,3457.5
53065,Mi1,3458.0
16033,Li28,3459.3
11981,Li28,3462.0
16596,Li28,3462.9
14209,Li28,3464.2
19292,Li28,3465.6000000000004
20264,Li28,3465.7
16545,Li28,3466.4
23047,Li28,3466.6
15019,Li28,3466.8
15263,Li28,3467.3
17280,Li28,3469.5
17596,Li28,3470.0
53065,Mi1,3472.8
16033,Li28,3473.5
15909,Li28,3473.6000000000004
11981,Li28,3477.3
14209,Li28,3478.9
16596,Li28,3478.9
20264,Li28,3479.7000000000003
19292,Li28,3480.2
16545,Li28,3480.4
15263,Li28,3481.2000000000003
15019,Li28,3481.7
23047,Li28,3482.8
17280,Li28,3483.9
17596,Li28,3484.0
16033,Li28,3487.0
15909,Li28,3487.5
53065,Mi1,3487.6
11981,Li28,3493.2000000000003
20264,Li28,3493.7
14209,Li28,3493.7
16596,Li28,3495.0
16545,Li28,3495.2
15019,Li28,3495.5
19292,Li28,3495.6
15263,Li28,3497.4
23047,Li28,3497.8
17280,Li28,3498.1
17596,Li28,3499.1000000000004
16033,Li28,3501.7
15909,Li28,3502.5
53065,Mi1,3502.6
20264,Li28,3507.7000000000003
14209,Li28,3508.3
11981,Li28,3508.4
16596,Li28,3509.5
16545,Li28,3510.5
19292,Li28,3510.8
15019,Li28,3511.1000000000004
15263,Li28,3511.6
17280,Li28,3512.2
23047,Li28,3513.4
17596,Li28,3515.3
16033,Li28,3516.2
15909,Li28,3517.7
53065,Mi1,3517.9
20264,Li28,3520.9
14209,Li28,3522.2000000000003
11981,Li28,3522.4
16596,Li28,3523.2
19292,Li28,3524.7000000000003
16545,Li28,3524.9
15263,Li28,3526.4
15019,Li28,3526.7000000000003
17280,Li28,3526.9
23047,Li28,3527.4
17596,Li28,3530.5
16033,Li28,3531.4
53065,Mi1,3532.0
15909,Li28,3532.1000000000004
20264,Li28,3534.8
11981,Li28,3536.9
14209,Li28,3537.3
16596,Li28,3537.3
16545,Li28,3539.8
19292,Li28,3540.0
17280,Li28,3540.8
23047,Li28,3541.1
15263,Li28,3541.7
15019,Li28,3541.8
17596,Li28,3544.9
16033,Li28,3546.8
15909,Li28,3547.4
53065,Mi1,3547.6
16596,Li28,3551.2000000000003
11981,Li28,3551.4
20264,Li28,3551.4
14209,Li28,3552.7999999999997
19292,Li28,3554.2999999999997
23047,Li28,3555.2000000000003
17280,Li28,3555.5000000000005
16545,Li28,3556.1000000000004
15263,Li28,3556.4
15019,Li28,3556.9
17596,Li28,3559.7000000000003
16033,Li28,3560.4
53065,Mi1,3561.4
15909,Li28,3562.2999999999997
16596,Li28,3564.7000000000003
11981,Li28,3565.3
20264,Li28,3565.6000000000004
14209,Li28,3567.5000000000005
19292,Li28,3568.7999999999997
16545,Li28,3570.6000000000004
15019,Li28,3570.7
23047,Li28,3570.7
17280,Li28,3570.9
15263,Li28,3572.0
16033,Li28,3573.7
17596,Li28,3573.7
53065,Mi1,3576.3
15909,Li28,3576.7000000000003
16596,Li28,3580.2
11981,Li28,3580.2
20264,Li28,3581.1
14209,Li28,3582.8
19292,Li28,3582.8
15019,Li28,3585.4
16545,Li28,3585.7
15263,Li28,3585.9
17280,Li28,3586.1
23047,Li28,3586.7
16033,Li28,3587.1
17596,Li28,3588.7000000000003
15909,Li28,3591.2000000000003
53065,Mi1,3592.7000000000003
16596,Li28,3594.4
11981,Li28,3594.6000000000004
20264,Li28,3595.9
14209,Li28,3597.0
19292,Li28,3598.4
15263,Li28,3600.0
15019,Li28,3600.2
16545,Li28,3601.1
23047,Li28,3601.6000000000004
17596,Li28,3601.9
16033,Li28,3602.3
17280,Li28,3602.6000000000004
15909,Li28,3607.1
53065,Mi1,3607.6
11981,Li28,3609.0
16596,Li28,3609.6000000000004
14209,Li28,3612.4
19292,Li28,3612.7000000000003
20264,Li28,3613.1
15263,Li28,3615.6
17596,Li28,3615.6
17280,Li28,3615.7000000000003
23047,Li28,3615.8
16545,Li28,3615.9
15019,Li28,3616.4
16033,Li28,3616.4
15909,Li28,3621.3
53065,Mi1,3622.1
11981,Li28,3623.2000000000003
16596,Li28,3624.4
14209,Li28,3626.6000000000004
19292,Li28,3626.7
20264,Li28,3627.9
17596,Li28,3628.7000000000003
16545,Li28,3629.7000000000003
15263,Li28,3630.0000000000005
15019,Li28,3630.4
23047,Li28,3631.1
17280,Li28,3631.6
16033,Li28,3632.9
15909,Li28,3636.8
53065,Mi1,3637.2
11981,Li28,3637.9
16596,Li28,3638.9
19292,Li28,3641.0
14209,Li28,3642.2000000000003
20264,Li28,3642.8
17596,Li28,3643.1
16545,Li28,3644.8
15263,Li28,3645.2
23047,Li28,3645.5
15019,Li28,3646.2000000000003
16033,Li28,3646.8
17280,Li28,3647.9
15909,Li28,3651.5
53065,Mi1,3651.8
11981,Li28,3651.9
16596,Li28,3653.0
19292,Li28,3655.1
14209,Li28,3656.8
20264,Li28,3658.2000000000003
17596,Li28,3658.3
15263,Li28,3660.6
16033,Li28,3661.0
16545,Li28,3661.0
15019,Li28,3661.5
23047,Li28,3661.5
17280,Li28,3662.1
15909,Li28,3665.1000000000004
53065,Mi1,3666.3
11981,Li28,3667.1
16596,Li28,3667.2000000000003
19292,Li28,3669.0
14209,Li28,3672.1000000000004
17596,Li28,3672.5000000000005
20264,Li28,3673.7000000000003
15263,Li28,3674.6000000000004
16033,Li28,3675.1
23047,Li28,3675.1
16545,Li28,3675.2999999999997
15019,Li28,3676.0
17280,Li28,3676.9
15909,Li28,3679.6
16596,Li28,3681.0
53065,Mi1,3681.1000000000004
11981,Li28,3681.7999999999997
19292,Li28,3684.4
14209,Li28,3686.4
17596,Li28,3687.2000000000003
20264,Li28,3687.2000000000003
15263,Li28,3688.1000000000004
16545,Li28,3689.2
16033,Li28,3690.1
23047,Li28,3690.9
15019,Li28,3691.2000000000003
17280,Li28,3691.6000000000004
15909,Li28,3694.4
53065,Mi1,3695.2999999999997
11981,Li28,3696.4
16596,Li28,3697.0
19292,Li28,3698.3
20264,Li28,3700.2000000000003
14209,Li28,3702.0
16545,Li28,3702.6000000000004
15263,Li28,3702.7
17596,Li28,3702.9
16033,Li28,3704.8
15019,Li28,3704.9
17280,Li28,3706.1
23047,Li28,3706.5
15909,Li28,3708.2000000000003
11981,Li28,3710.2000000000003
16596,Li28,3711.4
53065,Mi1,3712.0
19292,Li28,3712.1000000000004
20264,Li28,3714.3
14209,Li28,3716.1
17596,Li28,3717.0
16545,Li28,3717.6
15263,Li28,3717.7000000000003
16033,Li28,3719.4
15019,Li28,3719.7
17280,Li28,3721.4
23047,Li28,3721.9
15909,Li28,3724.1
11981,Li28,3724.7000000000003
16596,Li28,3725.7999999999997
19292,Li28,3725.7999999999997
53065,Mi1,3726.6000000000004
20264,Li28,3729.9
17596,Li28,3731.7
14209,Li28,3732.0
16545,Li28,3732.3
15263,Li28,3732.5000000000005
15019,Li28,3732.9
16033,Li28,3734.8
17280,Li28,3734.9
23047,Li28,3736.7000000000003
15909,Li28,3738.0
16596,Li28,3739.3
11981,Li28,3739.5
19292,Li28,3739.8
53065,Mi1,3742.5
20264,Li28,3743.6000000000004
15263,Li28,3746.1
16545,Li28,3746.8
15019,Li28,3747.0000000000005
17596,Li28,3747.5
14209,Li28,3747.6000000000004
16033,Li28,3748.5000000000005
17280,Li28,3749.7999999999997
15909,Li28,3751.5
23047,Li28,3751.7
11981,Li28,3753.1000000000004
19292,Li28,3754.0
16596,Li28,3754.2
53065,Mi1,3756.4
20264,Li28,3757.4
16545,Li28,3760.8
15263,Li28,3761.0
15019,Li28,3761.7999999999997
17596,Li28,3761.9
16033,Li28,3762.8
14209,Li28,3763.7
17280,Li28,3764.2000000000003
15909,Li28,3765.3
23047,Li28,3766.0
19292,Li28,3768.4
11981,Li28,3768.8
16596,Li28,3769.2
53065,Mi1,3770.4
20264,Li28,3771.4
15263,Li28,3774.7000000000003
16545,Li28,3775.2000000000003
15019,Li28,3776.2999999999997
16033,Li28,3777.0
17596,Li28,3777.2
17280,Li28,3777.4
14209,Li28,3777.9
15909,Li28,3780.1
23047,Li28,3780.1
19292,Li28,3782.1000000000004
11981,Li28,3783.4
16596,Li28,3784.1
53065,Mi1,3784.6
20264,Li28,3785.9
16545,Li28,3789.8
15263,Li28,3790.1000000000004
16033,Li28,3791.5
17280,Li28,3791.7
15019,Li28,3791.9
17596,Li28,3791.9
14209,Li28,3792.1
15909,Li28,3795.8
23047,Li28,3795.9
19292,Li28,3796.0
11981,Li28,3797.2000000000003
20264,Li28,3799.3
53065,Mi1,3799.8
16596,Li28,3800.5
15263,Li28,3803.4
16545,Li28,3804.4
14209,Li28,3806.0
16033,Li28,3806.0
17280,Li28,3806.3
15019,Li28,3807.4
17596,Li28,3807.4
19292,Li28,3809.4
23047,Li28,3810.2
15909,Li28,3812.0
11981,Li28,3813.1000000000004
53065,Mi1,3813.6
16596,Li28,3813.7000000000003
20264,Li28,3814.1000000000004
15263,Li28,3817.9
16545,Li28,3819.5
14209,Li28,3820.5
16033,Li28,3820.7
17280,Li28,3820.9
15019,Li28,3821.4
17596,Li28,3822.2
35405,Mi1,3823.3
19292,Li28,3823.8
23047,Li28,3825.5000000000005
16596,Li28,3827.7
15909,Li28,3828.1
53065,Mi1,3828.2000000000003
11981,Li28,3828.4
20264,Li28,3828.8
34849,Mi1,3829.5000000000005
15263,Li28,3832.9
36252,Mi1,3833.6
16545,Li28,3833.9
16033,Li28,3835.4
17280,Li28,3835.9
14209,Li28,3836.0
17596,Li28,3836.4
15019,Li28,3837.4
19292,Li28,3839.5
23047,Li28,3840.4
34057,Mi1,3841.0
11981,Li28,3842.5
53065,Mi1,3842.7999999999997
16596,Li28,3843.0
20264,Li28,3843.3
15909,Li28,3844.1
15263,Li28,3846.6
16545,Li28,3848.7
17280,Li28,3850.5
16033,Li28,3850.6
17596,Li28,3850.7999999999997
15019,Li28,3852.2000000000003
14209,Li28,3852.6000000000004
23047,Li28,3853.8
19292,Li28,3854.1000000000004
11981,Li28,3855.3
35405,Mi1,3855.7000000000003
20264,Li28,3857.1
16596,Li28,3857.4
53065,Mi1,3857.9
15909,Li28,3859.4
15263,Li28,3860.4
34849,Mi1,3862.6
36252,Mi1,3863.4
16545,Li28,3864.1
17280,Li28,3865.0
16033,Li28,3865.1
17596,Li28,3865.2000000000003
15019,Li28,3865.8
14209,Li28,3867.3
23047,Li28,3868.1
19292,Li28,3868.4
34057,Mi1,3871.0
11981,Li28,3871.2
53065,Mi1,3872.2000000000003
20264,Li28,3872.3
16596,Li28,3872.5
15909,Li28,3874.2
15263,Li28,3874.9
16545,Li28,3878.5
35405,Mi1,3879.1
17596,Li28,3879.6000000000004
16033,Li28,3880.1
15019,Li28,3880.1
17280,Li28,3880.4
23047,Li28,3882.1000000000004
19292,Li28,3882.2
14209,Li28,3882.3
11981,Li28,3886.3
34849,Mi1,3886.4
53065,Mi1,3886.5
16596,Li28,3887.7000000000003
20264,Li28,3887.7000000000003
15263,Li28,3888.4
15909,Li28,3888.6000000000004
36252,Mi1,3890.5
16545,Li28,3891.9
17596,Li28,3894.1000000000004
34057,Mi1,3894.4
17280,Li28,3894.7000000000003
16033,Li28,3895.5
23047,Li28,3895.7000000000003
15019,Li28,3895.9
19292,Li28,3896.8
14209,Li28,3897.4
35405,Mi1,3899.8
11981,Li28,3900.1
53065,Mi1,3901.4
20264,Li28,3901.5
16596,Li28,3903.0
15263,Li28,3903.6000000000004
15909,Li28,3903.7000000000003
16545,Li28,3906.0
34849,Mi1,3906.0
17596,Li28,3907.6000000000004
17280,Li28,3908.8
23047,Li28,3909.9
16033,Li28,3910.3
36252,Mi1,3910.5000000000005
15019,Li28,3910.5000000000005
14209,Li28,3911.7000000000003
19292,Li28,3913.5
34057,Mi1,3914.0
11981,Li28,3915.1000000000004
53065,Mi1,3915.6
20264,Li28,3917.1
16596,Li28,3917.5
15263,Li28,3917.7000000000003
15909,Li28,3919.3
35405,Mi1,3919.8
16545,Li28,3920.7
17596,Li28,3922.2000000000003
17280,Li28,3923.4
34849,Mi1,3925.0
16033,Li28,3925.1
23047,Li28,3925.1
15019,Li28,3925.2000000000003
14209,Li28,3925.9
19292,Li28,3927.8
36252,Mi1,3928.9
11981,Li28,3929.7
53065,Mi1,3931.1000000000004
16596,Li28,3931.5
20264,Li28,3932.6000000000004
15263,Li28,3932.7
34057,Mi1,3933.7
15909,Li28,3933.9
16545,Li28,3935.2
17596,Li28,3936.1
35405,Mi1,3937.2999999999997
17280,Li28,3939.0
23047,Li28,3939.5
14209,Li28,3940.3
16033,Li28,3940.6000000000004
15019,Li28,3940.6000000000004
34849,Mi1,3942.0
19292,Li28,3942.3
11981,Li28,3944.0000000000005
53065,Mi1,3945.8
15263,Li28,3946.4
36252,Mi1,3947.0
15909,Li28,3947.3
20264,Li28,3947.5
16596,Li28,3947.7000000000003
17596,Li28,3950.2000000000003
16545,Li28,3951.7999999999997
35405,Mi1,3952.5
34057,Mi1,3953.0
14209,Li28,3954.1000000000004
17280,Li28,3954.4
23047,Li28,3954.4
15019,Li28,3954.8
16033,Li28,3955.7999999999997
19292,Li28,3957.5
11981,Li28,3958.2000000000003
34849,Mi1,3959.5
53065,Mi1,3960.7
15909,Li28,3961.1
15263,Li28,3961.8
36252,Mi1,3962.8
20264,Li28,3963.2
16596,Li28,3964.3
17596,Li28,3964.5
16545,Li28,3966.3
15019,Li28,3968.2000000000003
17280,Li28,3968.7
35405,Mi1,3968.9
14209,Li28,3969.2000000000003
34057,Mi1,3969.6000000000004
23047,Li28,3969.9
16033,Li28,3970.3
11981,Li28,3972.0
19292,Li28,3972.4
34849,Mi1,3975.0
53065,Mi1,3975.3
15263,Li28,3975.7000000000003
15909,Li28,3976.0
17596,Li28,3977.9
16596,Li28,3978.2000000000003
20264,Li28,3978.6
36252,Mi1,3980.0
16545,Li28,3981.3
15019,Li28,3982.9
14209,Li28,3983.6
35405,Mi1,3984.1
23047,Li28,3985.0000000000005
16033,Li28,3985.1
17280,Li28,3985.4
11981,Li28,3985.9
34057,Mi1,3987.2
19292,Li28,3988.3
53065,Mi1,3989.1
15263,Li28,3990.2000000000003
34849,Mi1,3990.8
15909,Li28,3991.5
20264,Li28,3991.7999999999997
16596,Li28,3992.5
17596,Li28,3993.2000000000003
36252,Mi1,3995.3
15019,Li28,3996.5
16545,Li28,3996.9
14209,Li28,3997.9
35405,Mi1,3999.1000000000004
23047,Li28,3999.3
17280,Li28,4000.3
16033,Li28,4001.3000000000006
11981,Li28,4001.6
19292,Li28,4002.2000000000003
34057,Mi1,4002.2999999999997
15263,Li28,4004.7000000000007
53065,Mi1,4005.1000000000004
15909,Li28,4005.3999999999996
20264,Li28,4005.5000000000005
34849,Mi1,4006.6000000000004
16596,Li28,4007.2
17596,Li28,4007.4000000000005
36252,Mi1,4011.0
15019,Li28,4011.4999999999995
14209,Li28,4012.6
16545,Li28,4013.1000000000004
23047,Li28,4014.6000000000004
17280,Li28,4015.4000000000005
16033,Li28,4016.1
35405,Mi1,4016.4
11981,Li28,4016.5000000000005
19292,Li28,4017.7000000000003
15263,Li28,4018.9
34057,Mi1,4019.4
15909,Li28,4019.7000000000003
20264,Li28,4020.5
53065,Mi1,4020.8
34849,Mi1,4021.3
16596,Li28,4022.0
17596,Li28,4022.5
36252,Mi1,4025.8
15019,Li28,4026.2000000000003
14209,Li28,4027.0
16545,Li28,4027.3
17280,Li28,4029.2000000000003
23047,Li28,4029.3999999999996
11981,Li28,4031.0000000000005
15263,Li28,4032.9000000000005
35405,Mi1,4032.9000000000005
34057,Mi1,4033.5
16033,Li28,4033.6
19292,Li28,4033.7000000000003
15909,Li28,4034.6
20264,Li28,4034.7
53065,Mi1,4035.1
34849,Mi1,4035.6000000000004
16596,Li28,4036.6
17596,Li28,4038.6000000000004
15019,Li28,4040.7000000000003
14209,Li28,4041.0000000000005
36252,Mi1,4041.9
16545,Li28,4042.5000000000005
17280,Li28,4043.8
23047,Li28,4044.4000000000005
11981,Li28,4045.5000000000005
35405,Mi1,4046.7000000000003
34057,Mi1,4047.2999999999997
16033,Li28,4047.8000000000006
19292,Li28,4048.6000000000004
15909,Li28,4048.6000000000004
15263,Li28,4048.7999999999997
53065,Mi1,4049.0000000000005
20264,Li28,4049.7000000000003
16596,Li28,4050.8000000000006
34849,Mi1,4050.9
17596,Li28,4054.5999999999995
15019,Li28,4055.2000000000003
14209,Li28,4055.2999999999997
36252,Mi1,4057.0000000000005
16545,Li28,4057.4
17280,Li28,4057.8
23047,Li28,4059.8
11981,Li28,4060.2
16033,Li28,4061.5000000000005
15909,Li28,4062.1
35405,Mi1,4062.1
34057,Mi1,4062.5
15263,Li28,4063.9
20264,Li28,4064.1
19292,Li28,4064.2000000000003
53065,Mi1,4064.6000000000004
16596,Li28,4066.1000000000004
34849,Mi1,4066.2000000000003
17596,Li28,4068.8
15019,Li28,4068.9
14209,Li28,4069.3
16545,Li28,4071.9
36252,Mi1,4072.6000000000004
17280,Li28,4073.8
23047,Li28,4073.9
11981,Li28,4075.5
35405,Mi1,4075.8
34057,Mi1,4076.2999999999997
16033,Li28,4076.5
15909,Li28,4076.6
15263,Li28,4078.7000000000003
19292,Li28,4078.9
20264,Li28,4079.7
53065,Mi1,4079.8000000000006
34849,Mi1,4080.3
16596,Li28,4080.7000000000003
17596,Li28,4082.6000000000004
15019,Li28,4084.2
14209,Li28,4084.6
16545,Li28,4086.3
36252,Mi1,4087.8000000000006
71052,T2a,4088.1
17280,Li28,4088.7000000000003
23047,Li28,4089.2
15909,Li28,4089.7000000000003
35405,Mi1,4089.7000000000003
11981,Li28,4090.3999999999996
16033,Li28,4091.6000000000004
34057,Mi1,4091.8999999999996
19292,Li28,4092.9
15263,Li28,4093.2000000000003
53065,Mi1,4093.9000000000005
20264,Li28,4094.3000000000006
34849,Mi1,4095.2999999999997
16596,Li28,4096.5
17596,Li28,4097.8
14209,Li28,4099.099999999999
15019,Li28,4099.3
16545,Li28,4101.0
36252,Mi1,4102.9
23047,Li28,4103.2
15909,Li28,4103.7
17280,Li28,4104.099999999999
11981,Li28,4104.3
35405,Mi1,4104.9
16033,Li28,4106.1
19292,Li28,4106.5
34057,Mi1,4107.099999999999
20264,Li28,4108.400000000001
53065,Mi1,4108.7
15263,Li28,4109.3
34849,Mi1,4109.500000000001
16596,Li28,4110.700000000001
17596,Li28,4112.0
14209,Li28,4113.700000000001
16545,Li28,4113.700000000001
15019,Li28,4114.5
36252,Mi1,4116.3
17280,Li28,4118.3
15909,Li28,4118.400000000001
23047,Li28,4118.400000000001
11981,Li28,4118.9
35405,Mi1,4120.7
19292,Li28,4121.599999999999
34057,Mi1,4122.2
16033,Li28,4123.099999999999
20264,Li28,4123.099999999999
53065,Mi1,4123.4
15263,Li28,4123.6
34849,Mi1,4123.9
16596,Li28,4125.200000000001
17596,Li28,4125.7
14209,Li28,4128.4
15019,Li28,4128.4
16545,Li28,4129.8
36252,Mi1,4131.400000000001
15909,Li28,4131.6
11981,Li28,4133.4
23047,Li28,4134.1
17280,Li28,4134.3
19292,Li28,4136.200000000001
34057,Mi1,4136.7
35405,Mi1,4136.7
16033,Li28,4138.0
15263,Li28,4138.3
20264,Li28,4138.3
53065,Mi1,4139.1
34849,Mi1,4139.5
16596,Li28,4140.8
17596,Li28,4141.0
14209,Li28,4143.2
15019,Li28,4143.400000000001
16545,Li28,4143.6
36252,Mi1,4145.5
15909,Li28,4145.9
11981,Li28,4147.8
17280,Li28,4148.6
23047,Li28,4149.0
19292,Li28,4150.700000000001
35405,Mi1,4150.8
34057,Mi1,4151.3
53065,Mi1,4152.5
16033,Li28,4152.6
20264,Li28,4152.8
15263,Li28,4153.2
16596,Li28,4154.900000000001
34849,Mi1,4155.1
17596,Li28,4156.5
14209,Li28,4157.200000000001
15019,Li28,4158.700000000001
16545,Li28,4159.2
36252,Mi1,4160.200000000001
15909,Li28,4160.6
11981,Li28,4162.5
23047,Li28,4162.7
17280,Li28,4164.7
35405,Mi1,4164.900000000001
19292,Li28,4165.0
53065,Mi1,4165.7
34057,Mi1,4166.1
20264,Li28,4167.1
15263,Li28,4167.2
16033,Li28,4167.6
34849,Mi1,4169.400000000001
16596,Li28,4170.0
17596,Li28,4170.1
14209,Li28,4172.3
15019,Li28,4173.6
16545,Li28,4174.2
36252,Mi1,4175.4
15909,Li28,4175.6
11981,Li28,4176.8
23047,Li28,4177.8
17280,Li28,4178.0
19292,Li28,4179.700000000001
35405,Mi1,4180.1
53065,Mi1,4180.2
15263,Li28,4180.3
34057,Mi1,4181.0
20264,Li28,4181.200000000001
16033,Li28,4182.3
17596,Li28,4184.200000000001
16596,Li28,4184.6
34849,Mi1,4185.1
14209,Li28,4186.1
16545,Li28,4188.3
15019,Li28,4188.8
36252,Mi1,4189.900000000001
15909,Li28,4190.2
71052,T2a,4190.8
11981,Li28,4191.2
17280,Li28,4191.900000000001
23047,Li28,4193.2
53065,Mi1,4194.7
34057,Mi1,4195.2
15263,Li28,4195.5
19292,Li28,4195.700000000001
35405,Mi1,4195.700000000001
20264,Li28,4196.7
16033,Li28,4197.5
34849,Mi1,4198.5
16596,Li28,4198.9
17596,Li28,4199.900000000001
14209,Li28,4200.6
36252,Mi1,4203.2
15019,Li28,4203.3
16545,Li28,4204.6
11981,Li28,4205.099999999999
15909,Li28,4205.099999999999
17280,Li28,4206.1
23047,Li28,4208.3
34057,Mi1,4209.3
53065,Mi1,4209.3
35405,Mi1,4209.400000000001
19292,Li28,4210.0
20264,Li28,4211.8
34849,Mi1,4212.2
16033,Li28,4212.400000000001
16596,Li28,4212.400000000001
15263,Li28,4212.7
17596,Li28,4214.1
14209,Li28,4215.799999999999
15019,Li28,4217.6
36252,Mi1,4218.7
11981,Li28,4219.0
16545,Li28,4220.2
15909,Li28,4220.6
17280,Li28,4221.4
23047,Li28,4222.5
35405,Mi1,4224.8
19292,Li28,4225.0
53065,Mi1,4225.5
34057,Mi1,4225.7
16033,Li28,4226.500000000001
16596,Li28,4226.7
20264,Li28,4226.7
34849,Mi1,4226.7
15263,Li28,4227.8
17596,Li28,4228.900000000001
14209,Li28,4230.1
15019,Li28,4231.4
36252,Mi1,4233.2
11981,Li28,4233.400000000001
16545,Li28,4234.4
15909,Li28,4235.0
17280,Li28,4235.700000000001
23047,Li28,4236.5
53065,Mi1,4238.700000000001
35405,Mi1,4239.3
16596,Li28,4240.7
19292,Li28,4240.8
20264,Li28,4241.3
15263,Li28,4241.6
16033,Li28,4242.7
34849,Mi1,4242.7
17596,Li28,4243.700000000001
34057,Mi1,4243.9
14209,Li28,4244.900000000001
15019,Li28,4245.5
36252,Mi1,4247.2
11981,Li28,4247.3
15909,Li28,4248.8
16545,Li28,4248.9
17280,Li28,4249.3
23047,Li28,4250.7
35405,Mi1,4253.4
53065,Mi1,4255.2
16596,Li28,4255.799999999999
20264,Li28,4255.799999999999
19292,Li28,4256.5
34057,Mi1,4256.9
16033,Li28,4257.5
34849,Mi1,4257.7
15263,Li28,4258.099999999999
17596,Li28,4259.3
14209,Li28,4259.599999999999
15019,Li28,4260.2
15909,Li28,4262.9
11981,Li28,4263.2
36252,Mi1,4263.4
16545,Li28,4264.400000000001
23047,Li28,4264.700000000001
17280,Li28,4265.2
35405,Mi1,4267.0
53065,Mi1,4269.4
16596,Li28,4270.1
20264,Li28,4270.9
19292,Li28,4271.0
34057,Mi1,4271.4
16033,Li28,4272.2
34849,Mi1,4272.2
15263,Li28,4273.3
17596,Li28,4273.900000000001
14209,Li28,4274.0
15019,Li28,4274.500000000001
15909,Li28,4276.900000000001
11981,Li28,4277.9
36252,Mi1,4278.0
23047,Li28,4279.2
16545,Li28,4279.5
17280,Li28,4280.400000000001
35405,Mi1,4281.8
53065,Mi1,4283.3
20264,Li28,4284.6
16596,Li28,4284.8
34057,Mi1,4285.3
19292,Li28,4286.599999999999
34849,Mi1,4286.700000000001
16033,Li28,4287.5
15263,Li28,4288.0
15019,Li28,4288.3
17596,Li28,4288.3
14209,Li28,4289.8
36252,Mi1,4291.599999999999
11981,Li28,4291.8
15909,Li28,4292.6
71052,T2a,4292.8
16545,Li28,4294.2
23047,Li28,4294.5
17280,Li28,4294.5
35405,Mi1,4298.6
53065,Mi1,4298.7
16596,Li28,4299.400000000001
20264,Li28,4299.400000000001
34057,Mi1,4300.8
34849,Mi1,4301.099999999999
15263,Li28,4302.299999999999
19292,Li28,4302.299999999999
16033,Li28,4302.400000000001
15019,Li28,4302.8
17596,Li28,4302.8
14209,Li28,4304.2
11981,Li28,4305.400000000001
36252,Mi1,4305.5
15909,Li28,4307.2
16545,Li28,4308.8
17280,Li28,4309.099999999999
23047,Li28,4310.0
53065,Mi1,4313.2
16596,Li28,4313.5
35405,Mi1,4313.5
20264,Li28,4314.0
34849,Mi1,4316.2
34057,Mi1,4316.4
17596,Li28,4317.0
16033,Li28,4317.3
19292,Li28,4317.4
15263,Li28,4317.5
15019,Li28,4318.700000000001
14209,Li28,4319.4
36252,Mi1,4320.400000000001
15909,Li28,4321.2
11981,Li28,4321.5
17280,Li28,4322.7
16545,Li28,4323.8
23047,Li28,4323.9
53065,Mi1,4325.8
16596,Li28,4326.5
35405,Mi1,4327.6
20264,Li28,4329.000000000001
34057,Mi1,4330.5
34849,Mi1,4330.5
16033,Li28,4331.5
19292,Li28,4332.6
15019,Li28,4333.099999999999
17596,Li28,4333.4
15263,Li28,4333.5
14209,Li28,4334.7
15909,Li28,4335.900000000001
36252,Mi1,4336.1
17280,Li28,4336.700000000001
11981,Li28,4336.8
16545,Li28,4338.4
23047,Li28,4339.3
53065,Mi1,4339.9
16596,Li28,4341.200000000001
35405,Mi1,4342.3
20264,Li28,4343.200000000001
34057,Mi1,4345.400000000001
34849,Mi1,4345.5
16033,Li28,4346.200000000001
19292,Li28,4346.8
15263,Li28,4347.599999999999
15019,Li28,4347.700000000001
17596,Li28,4348.5
14209,Li28,4349.3
11981,Li28,4349.9
36252,Mi1,4350.400000000001
17280,Li28,4350.6
15909,Li28,4350.7
16545,Li28,4353.5
53065,Mi1,4353.7
23047,Li28,4354.200000000001
16596,Li28,4355.8
35405,Mi1,4357.0
20264,Li28,4357.5
34849,Mi1,4359.500000000001
34057,Mi1,4360.3
16033,Li28,4361.0
19292,Li28,4361.6
15263,Li28,4362.099999999999
15019,Li28,4362.200000000001
17596,Li28,4362.7
14209,Li28,4363.8
17280,Li28,4364.0
15909,Li28,4364.6
36252,Mi1,4364.900000000001
11981,Li28,4365.0
16545,Li28,4367.200000000001
23047,Li28,4368.3
53065,Mi1,4370.200000000001
16596,Li28,4370.4
35405,Mi1,4371.5
20264,Li28,4372.3
34849,Mi1,4374.1
19292,Li28,4375.500000000001
16033,Li28,4375.7
15263,Li28,4376.0
34057,Mi1,4376.1
15019,Li28,4376.8
17596,Li28,4377.0
17280,Li28,4378.4
11981,Li28,4378.5
14209,Li28,4378.5
36252,Mi1,4379.5
15909,Li28,4379.5
16545,Li28,4381.3
23047,Li28,4382.7
53065,Mi1,4383.500000000001
16596,Li28,4385.6
35405,Mi1,4386.099999999999
20264,Li28,4387.400000000001
34849,Mi1,4389.0
34057,Mi1,4389.400000000001
19292,Li28,4389.9
15263,Li28,4390.000000000001
16033,Li28,4390.7
17596,Li28,4390.900000000001
15019,Li28,4392.1
14209,Li28,4392.2
11981,Li28,4392.8
17280,Li28,4393.8
15909,Li28,4394.0
36252,Mi1,4394.6
23047,Li28,4396.4
16545,Li28,4396.6
53065,Mi1,4399.6
35405,Mi1,4400.700000000001
16596,Li28,4401.7
20264,Li28,4402.9
19292,Li28,4404.1
34849,Mi1,4404.1
15263,Li28,4404.2
34057,Mi1,4404.3
16033,Li28,4404.4
17596,Li28,4404.7
15019,Li28,4406.6
11981,Li28,4408.1
14209,Li28,4408.3
17280,Li28,4408.400000000001
15909,Li28,4408.700000000001
36252,Mi1,4411.1
23047,Li28,4411.700000000001
16545,Li28,4411.9
53065,Mi1,4414.2
35405,Mi1,4416.1
16596,Li28,4417.6
19292,Li28,4417.6
20264,Li28,4418.099999999999
34849,Mi1,4418.6
16033,Li28,4418.8
34057,Mi1,4419.0
15263,Li28,4419.0
17596,Li28,4419.1
15019,Li28,4421.9
14209,Li28,4422.2
15909,Li28,4423.200000000001
11981,Li28,4423.500000000001
17280,Li28,4423.7
36252,Mi1,4425.6
23047,Li28,4426.9
16545,Li28,4426.9
53065,Mi1,4429.8
35405,Mi1,4431.0
16596,Li28,4431.6
20264,Li28,4432.1
34849,Mi1,4432.400000000001
15263,Li28,4433.0
34057,Mi1,4433.3
19292,Li28,4433.5
16033,Li28,4433.900000000001
17596,Li28,4435.0
15909,Li28,4437.400000000001
14209,Li28,4437.400000000001
15019,Li28,4437.700000000001
17280,Li28,4439.200000000001
11981,Li28,4439.200000000001
36252,Mi1,4440.400000000001
16545,Li28,4441.0
23047,Li28,4442.3
35405,Mi1,4444.0
53065,Mi1,4444.1
20264,Li28,4446.8
34849,Mi1,4447.099999999999
16596,Li28,4447.8
15263,Li28,4447.900000000001
16033,Li28,4448.2
19292,Li28,4448.599999999999
34057,Mi1,4449.0
17596,Li28,4449.6
15909,Li28,4452.1
15019,Li28,4452.3
17280,Li28,4452.500000000001
14209,Li28,4454.000000000001
36252,Mi1,4454.7
11981,Li28,4455.099999999999
16545,Li28,4455.900000000001
23047,Li28,4456.0
53065,Mi1,4458.5
35405,Mi1,4459.7
20264,Li28,4460.900000000001
16033,Li28,4461.599999999999
16596,Li28,4462.7
15263,Li28,4462.900000000001
34849,Mi1,4462.900000000001
34057,Mi1,4463.5
19292,Li28,4463.6
17596,Li28,4464.9
15019,Li28,4466.4
17280,Li28,4466.7
15909,Li28,4467.5
14209,Li28,4468.200000000001
23047,Li28,4468.900000000001
36252,Mi1,4469.1
11981,Li28,4469.5
16545,Li28,4470.6
53065,Mi1,4473.4
35405,Mi1,4475.6
20264,Li28,4476.3
15263,Li28,4476.500000000001
16033,Li28,4476.8
16596,Li28,4477.2
34849,Mi1,4477.3
34057,Mi1,4478.1
19292,Li28,4479.7
17596,Li28,4480.3
15019,Li28,4481.4
17280,Li28,4481.4
15909,Li28,4482.099999999999
14209,Li28,4482.5
11981,Li28,4483.7
23047,Li28,4483.900000000001
36252,Mi1,4485.2
16545,Li28,4486.5
53065,Mi1,4488.700000000001
35405,Mi1,4490.4
16033,Li28,4490.7
15263,Li28,4490.8
16596,Li28,4491.2
20264,Li28,4491.5
34849,Mi1,4492.1
34057,Mi1,4492.900000000001
19292,Li28,4493.5
15019,Li28,4494.400000000001
33462,Mi1,4495.099999999999
33907,Mi1,4495.9
17280,Li28,4496.0
17596,Li28,4496.2
15909,Li28,4497.3
14209,Li28,4497.6
23047,Li28,4498.7
11981,Li28,4499.1
36252,Mi1,4499.8
16545,Li28,4501.1
51122,Mi1,4503.6
53065,Mi1,4503.6
20264,Li28,4505.2
16033,Li28,4505.4
35405,Mi1,4505.6
15263,Li28,4506.0
35498,Mi1,4506.5
34057,Mi1,4506.700000000001
16596,Li28,4506.8
34849,Mi1,4507.000000000001
19292,Li28,4509.2
15019,Li28,4510.2
17280,Li28,4511.099999999999
23047,Li28,4512.1
17596,Li28,4512.5
15909,Li28,4512.9
14209,Li28,4513.0
36252,Mi1,4513.900000000001
11981,Li28,4514.099999999999
16545,Li28,4516.200000000001
53065,Mi1,4517.8
16033,Li28,4519.7
20264,Li28,4519.7
35405,Mi1,4520.2
33462,Mi1,4521.6
15263,Li28,4521.900000000001
16596,Li28,4521.900000000001
34057,Mi1,4521.900000000001
34849,Mi1,4522.3
19292,Li28,4523.6
17280,Li28,4524.8
15019,Li28,4524.900000000001
33907,Mi1,4525.1
23047,Li28,4527.099999999999
15909,Li28,4527.6
14209,Li28,4527.8
17596,Li28,4528.0
36252,Mi1,4528.599999999999
11981,Li28,4529.3
16545,Li28,4530.3
35498,Mi1,4530.700000000001
51122,Mi1,4531.3
53065,Mi1,4531.900000000001
16033,Li28,4534.400000000001
20264,Li28,4534.5
35405,Mi1,4534.5
15263,Li28,4535.8
16596,Li28,4536.1
34849,Mi1,4537.2
34057,Mi1,4537.6
19292,Li28,4538.400000000001
15019,Li28,4539.3
17280,Li28,4539.5
15909,Li28,4541.400000000001
23047,Li28,4541.599999999999
71052,T2a,4542.5
17596,Li28,4542.6
14209,Li28,4542.7
36252,Mi1,4542.7
11981,Li28,4543.6
16545,Li28,4543.8
53065,Mi1,4544.8
33907,Mi1,4548.900000000001
33462,Mi1,4549.0
20264,Li28,4549.1
16033,Li28,4549.2
16596,Li28,4549.400000000001
35405,Mi1,4550.0
15263,Li28,4550.8
34849,Mi1,4551.099999999999
34057,Mi1,4552.8
19292,Li28,4553.2
17280,Li28,4553.7
35498,Mi1,4555.000000000001
51122,Mi1,4555.1
15019,Li28,4555.2
23047,Li28,4556.099999999999
14209,Li28,4556.6
15909,Li28,4556.6
17596,Li28,4556.7
36252,Mi1,4557.1
16545,Li28,4557.5
11981,Li28,4558.1
53065,Mi1,4560.599999999999
16596,Li28,4563.900000000001
20264,Li28,4564.099999999999
35405,Mi1,4564.099999999999
34849,Mi1,4564.6
16033,Li28,4564.8
15263,Li28,4565.8
17280,Li28,4566.6
19292,Li28,4567.5
33907,Mi1,4567.7
33462,Mi1,4568.1
34057,Mi1,4568.5
15019,Li28,4570.8
15909,Li28,4571.000000000001
17596,Li28,4571.1
23047,Li28,4571.3
16545,Li28,4571.400000000001
14209,Li28,4571.5
36252,Mi1,4572.5
51122,Mi1,4573.700000000001
11981,Li28,4573.9
53065,Mi1,4575.099999999999
35498,Mi1,4576.400000000001
16596,Li28,4578.3
35405,Mi1,4578.9
20264,Li28,4579.2
34849,Mi1,4579.3
17280,Li28,4579.8
15263,Li28,4580.0
16033,Li28,4580.8
34057,Mi1,4583.0
19292,Li28,4583.099999999999
532850,Tm3,4583.4
23047,Li28,4585.0
16545,Li28,4585.1
33462,Mi1,4585.1
15909,Li28,4585.200000000001
33907,Mi1,4585.4
14209,Li28,4585.7
15019,Li28,4586.1
17596,Li28,4587.000000000001
36252,Mi1,4587.2
11981,Li28,4588.6
53065,Mi1,4589.2
51122,Mi1,4590.3
35405,Mi1,4593.3
118924,Tm3,4593.3
20264,Li28,4593.6
17280,Li28,4593.8
16596,Li28,4594.1
34849,Mi1,4594.700000000001
15263,Li28,4595.3
35498,Mi1,4596.4
19292,Li28,4596.7
16033,Li28,4596.8
16545,Li28,4598.7
34057,Mi1,4598.799999999999
23047,Li28,4599.099999999999
15909,Li28,4599.3
71052,T2a,4599.5
14209,Li28,4600.3
15019,Li28,4601.0
36252,Mi1,4601.0
17596,Li28,4601.200000000001
33462,Mi1,4602.3
11981,Li28,4604.0
33907,Mi1,4604.0
53065,Mi1,4604.0
51122,Mi1,4606.6
35405,Mi1,4607.3
17280,Li28,4608.7
20264,Li28,4609.8
34849,Mi1,4609.8
16596,Li28,4609.900000000001
15263,Li28,4610.0
16033,Li28,4610.9
19292,Li28,4611.5
35498,Mi1,4612.5
34057,Mi1,4612.7
15909,Li28,4613.0
16545,Li28,4613.5
23047,Li28,4614.5
14209,Li28,4614.900000000001
36252,Mi1,4615.5
17596,Li28,4616.400000000001
15019,Li28,4616.5
99922,T4c,4616.6
33907,Mi1,4618.2
53065,Mi1,4618.700000000001
11981,Li28,4618.9
33462,Mi1,4619.6
35405,Mi1,4621.0
17280,Li28,4622.2
51122,Mi1,4622.7
15263,Li28,4624.2
34849,Mi1,4624.3
16033,Li28,4624.900000000001
103479,T4c,4625.4
20264,Li28,4625.7
19292,Li28,4625.900000000001
16596,Li28,4626.0
35498,Mi1,4627.1
16545,Li28,4627.3
34057,Mi1,4627.6
15909,Li28,4628.0
23047,Li28,4628.3
14209,Li28,4629.3
36252,Mi1,4629.9
15019,Li28,4630.0
17596,Li28,4631.200000000001
99663,T4c,4631.4
11981,Li28,4633.3
53065,Mi1,4633.3
33907,Mi1,4633.900000000001
33462,Mi1,4634.599999999999
35405,Mi1,4635.900000000001
17280,Li28,4636.5
73828,Tm3,4636.5
51122,Mi1,4637.1
15263,Li28,4638.1
34849,Mi1,4640.1
16033,Li28,4640.3
20264,Li28,4640.400000000001
16596,Li28,4640.5
34057,Mi1,4640.900000000001
19292,Li28,4641.200000000001
35498,Mi1,4642.3
16545,Li28,4642.9
15909,Li28,4643.400000000001
23047,Li28,4643.6
15019,Li28,4643.7
14209,Li28,4644.3
36252,Mi1,4644.4
17596,Li28,4646.4
53065,Mi1,4647.3
33907,Mi1,4647.8
11981,Li28,4648.000000000001
33462,Mi1,4649.200000000001
35405,Mi1,4649.500000000001
17280,Li28,4651.3
15263,Li28,4652.9
16033,Li28,4653.0
79345,T2a,4653.400000000001
34057,Mi1,4654.6
16596,Li28,4654.8
20264,Li28,4655.1
51122,Mi1,4655.2
19292,Li28,4655.400000000001
34849,Mi1,4655.8
15909,Li28,4657.3
16545,Li28,4657.8
35498,Mi1,4657.900000000001
15019,Li28,4658.599999999999
23047,Li28,4658.599999999999
14209,Li28,4659.6
36252,Mi1,4659.7
71052,T2a,4659.8
17596,Li28,4660.0
53065,Mi1,4661.9
33907,Mi1,4661.9
35405,Mi1,4662.7
11981,Li28,4663.3
17280,Li28,4664.8
33462,Mi1,4665.099999999999
16033,Li28,4667.6
15263,Li28,4667.900000000001
51122,Mi1,4669.299999999999
34057,Mi1,4669.400000000001
34849,Mi1,4669.700000000001
20264,Li28,4670.0
19292,Li28,4670.1
16596,Li28,4670.8
15909,Li28,4671.0
16545,Li28,4672.7
14209,Li28,4673.099999999999
15019,Li28,4673.3
23047,Li28,4673.3
99922,T4c,4674.2
36252,Mi1,4674.3
35498,Mi1,4674.9
17596,Li28,4675.5
33907,Mi1,4676.200000000001
53065,Mi1,4676.8
11981,Li28,4677.1
35405,Mi1,4677.400000000001
33462,Mi1,4678.900000000001
17280,Li28,4679.700000000001
16033,Li28,4681.0
15263,Li28,4681.7
83365,T2a,4682.599999999999
20264,Li28,4683.3
34057,Mi1,4683.7
51122,Mi1,4683.900000000001
34849,Mi1,4684.8
16596,Li28,4684.8
19292,Li28,4685.0
15909,Li28,4685.2
16545,Li28,4686.900000000001
23047,Li28,4687.3
15019,Li28,4687.8
36252,Mi1,4688.1
14209,Li28,4688.3
17596,Li28,4689.8
35498,Mi1,4690.0
33907,Mi1,4690.1
35405,Mi1,4691.6
53065,Mi1,4692.099999999999
33462,Mi1,4692.200000000001
11981,Li28,4692.4
17280,Li28,4695.1
16033,Li28,4695.700000000001
15263,Li28,4695.8
76325,T2a,4698.599999999999
34849,Mi1,4698.700000000001
20264,Li28,4698.8
34057,Mi1,4698.8
51122,Mi1,4699.1
16596,Li28,4699.2
19292,Li28,4700.099999999999
15909,Li28,4700.5
15019,Li28,4700.8
16545,Li28,4700.8
532850,Tm3,4701.900000000001
23047,Li28,4702.3
14209,Li28,4703.2
17596,Li28,4703.3
36252,Mi1,4704.2
35498,Mi1,4704.8
35405,Mi1,4705.4
33907,Mi1,4705.5
11981,Li28,4705.8
53065,Mi1,4706.0
33462,Mi1,4706.5
118924,Tm3,4708.099999999999
71052,T2a,4708.4
17280,Li28,4709.8
16033,Li28,4710.3
92114,T4c,4710.3
15263,Li28,4710.7
34057,Mi1,4712.400000000001
15909,Li28,4712.400000000001
34849,Mi1,4712.5
20264,Li28,4713.099999999999
19292,Li28,4713.7
16596,Li28,4714.1
16545,Li28,4715.3
51122,Mi1,4715.4
15019,Li28,4715.900000000001
23047,Li28,4716.8
17596,Li28,4717.7
36252,Mi1,4718.200000000001
14209,Li28,4718.3
35405,Mi1,4719.599999999999
11981,Li28,4719.8
33462,Mi1,4720.1
35498,Mi1,4720.1
53065,Mi1,4720.1
33907,Mi1,4721.099999999999
17280,Li28,4723.1
16033,Li28,4725.2
15263,Li28,4725.400000000001
34057,Mi1,4726.0
15909,Li28,4726.3
20264,Li28,4727.599999999999
19292,Li28,4727.700000000001
16596,Li28,4728.2
34849,Mi1,4728.2
83365,T2a,4728.2
99663,T4c,4730.0
51122,Mi1,4730.2
15019,Li28,4730.599999999999
23047,Li28,4731.0
16545,Li28,4731.1
17596,Li28,4732.3
36252,Mi1,4732.6
14209,Li28,4732.6
11981,Li28,4733.1
53065,Mi1,4733.400000000001
99922,T4c,4733.6
35498,Mi1,4734.1
35405,Mi1,4735.0
33462,Mi1,4735.2
33907,Mi1,4735.700000000001
73828,Tm3,4735.700000000001
103479,T4c,4737.8
17280,Li28,4740.0
16033,Li28,4740.200000000001
15263,Li28,4740.4
20264,Li28,4741.1
15909,Li28,4741.6
34057,Mi1,4741.7
19292,Li28,4742.6
34849,Mi1,4742.7
16596,Li28,4743.599999999999
51122,Mi1,4743.9
15019,Li28,4744.400000000001
17596,Li28,4745.4
16545,Li28,4745.5
23047,Li28,4746.5
14209,Li28,4747.1
53065,Mi1,4747.2
98099,T4b,4747.3
35498,Mi1,4747.900000000001
33462,Mi1,4748.7
36252,Mi1,4749.000000000001
33907,Mi1,4749.6
11981,Li28,4749.8
35405,Mi1,4750.6
20264,Li28,4754.3
17280,Li28,4754.400000000001
16033,Li28,4755.6
15263,Li28,4756.099999999999
34057,Mi1,4756.8
19292,Li28,4756.9
34849,Mi1,4757.3
15909,Li28,4757.6
51122,Mi1,4758.8
15019,Li28,4759.0
16545,Li28,4759.1
16596,Li28,4759.1
17596,Li28,4759.599999999999
14209,Li28,4761.4
23047,Li28,4761.4
53065,Mi1,4762.1
35498,Mi1,4762.599999999999
36252,Mi1,4763.6
33462,Mi1,4763.799999999999
33907,Mi1,4764.6
11981,Li28,4764.8
35405,Mi1,4764.9
17280,Li28,4768.400000000001
20264,Li28,4769.5
15263,Li28,4770.2
16033,Li28,4770.2
15909,Li28,4771.1
19292,Li28,4771.3
34057,Mi1,4771.799999999999
34849,Mi1,4771.799999999999
15019,Li28,4774.0
16545,Li28,4774.0
16596,Li28,4774.0
17596,Li28,4774.099999999999
51122,Mi1,4774.6
71052,T2a,4775.9
23047,Li28,4776.1
14209,Li28,4776.3
35498,Mi1,4776.400000000001
53065,Mi1,4776.900000000001
33462,Mi1,4777.9
36252,Mi1,4778.1
35405,Mi1,4778.9
11981,Li28,4779.6
33907,Mi1,4780.1
17280,Li28,4783.2
20264,Li28,4784.1
118924,Tm3,4784.400000000001
19292,Li28,4784.8
16033,Li28,4785.099999999999
15909,Li28,4785.8
15263,Li28,4785.8
34849,Mi1,4786.0
34057,Mi1,4786.599999999999
16545,Li28,4788.5
15019,Li28,4788.700000000001
51122,Mi1,4788.700000000001
14209,Li28,4789.8
16596,Li28,4789.8
23047,Li28,4790.099999999999
17596,Li28,4790.3
53065,Mi1,4791.3
35498,Mi1,4791.599999999999
33462,Mi1,4792.2
35405,Mi1,4792.400000000001
36252,Mi1,4792.400000000001
33907,Mi1,4793.9
99922,T4c,4793.9
11981,Li28,4794.3
532850,Tm3,4796.8
17280,Li28,4798.099999999999
20264,Li28,4798.8
82145,T2a,4798.8
83365,T2a,4799.599999999999
103479,T4c,4799.700000000001
15263,Li28,4799.700000000001
16033,Li28,4800.1
19292,Li28,4800.1
34849,Mi1,4800.3
15909,Li28,4800.400000000001
34057,Mi1,4801.0
51122,Mi1,4802.299999999999
92114,T4c,4802.299999999999
16545,Li28,4803.2
15019,Li28,4804.1
14209,Li28,4804.700000000001
23047,Li28,4804.8
16596,Li28,4805.000000000001
53065,Mi1,4805.6
33462,Mi1,4805.7
17596,Li28,4805.900000000001
35498,Mi1,4806.900000000001
36252,Mi1,4807.1
35405,Mi1,4807.599999999999
11981,Li28,4808.6
90465,T4a,4808.6
33907,Mi1,4809.200000000001
73828,Tm3,4809.7
99663,T4c,4811.4
17280,Li28,4812.5
20264,Li28,4813.6
15909,Li28,4813.7
15263,Li28,4813.8
19292,Li28,4814.3
79345,T2a,4814.3
34849,Mi1,4814.4
34057,Mi1,4814.7
16033,Li28,4814.8
51122,Mi1,4816.6
16545,Li28,4818.1
14209,Li28,4818.8
15019,Li28,4818.9
53065,Mi1,4819.7
23047,Li28,4819.8
16596,Li28,4819.900000000001
17596,Li28,4820.0
33462,Mi1,4820.3
35405,Mi1,4821.1
36252,Mi1,4822.3
35498,Mi1,4822.8
11981,Li28,4823.1
33907,Mi1,4823.700000000001
17280,Li28,4826.5
15263,Li28,4828.0
20264,Li28,4828.5
34849,Mi1,4828.9
15909,Li28,4829.1
16033,Li28,4829.5
19292,Li28,4829.5
34057,Mi1,4829.6
51122,Mi1,4830.0
16545,Li28,4831.700000000001
14209,Li28,4832.8
17596,Li28,4833.6
118924,Tm3,4833.7
15019,Li28,4834.1
53065,Mi1,4834.400000000001
35405,Mi1,4834.5
33462,Mi1,4834.900000000001
23047,Li28,4835.0
16596,Li28,4835.500000000001
36252,Mi1,4836.400000000001
11981,Li28,4837.1
99922,T4c,4837.1
71052,T2a,4837.400000000001
33907,Mi1,4837.400000000001
35498,Mi1,4838.900000000001
17280,Li28,4840.7
15263,Li28,4842.8
19292,Li28,4843.0
16033,Li28,4843.3
15909,Li28,4843.4
20264,Li28,4843.900000000001
51122,Mi1,4844.0
34849,Mi1,4844.1
16545,Li28,4845.2
34057,Mi1,4845.3
17596,Li28,4846.900000000001
14209,Li28,4847.0
35405,Mi1,4849.099999999999
16596,Li28,4849.200000000001
23047,Li28,4849.3
53065,Mi1,4849.3
15019,Li28,4850.3
33462,Mi1,4850.6
36252,Mi1,4850.8
11981,Li28,4852.3
33907,Mi1,4853.3
35498,Mi1,4854.3
76325,T2a,4854.900000000001
17280,Li28,4855.700000000001
15909,Li28,4857.099999999999
15263,Li28,4857.8
16033,Li28,4857.8
19292,Li28,4857.9
34849,Mi1,4858.8
20264,Li28,4859.200000000001
51122,Mi1,4859.8
16545,Li28,4860.0
34057,Mi1,4860.1
14209,Li28,4861.400000000001
35405,Mi1,4863.2
17596,Li28,4863.3
53065,Mi1,4863.400000000001
16596,Li28,4863.599999999999
36252,Mi1,4864.2
23047,Li28,4864.7
33462,Mi1,4865.3
15019,Li28,4865.7
532850,Tm3,4866.0
33907,Mi1,4867.500000000001
11981,Li28,4867.7
35498,Mi1,4868.5
17280,Li28,4869.7
16033,Li28,4871.0
15909,Li28,4871.700000000001
19292,Li28,4872.5
20264,Li28,4872.799999999999
15263,Li28,4873.0
34849,Mi1,4873.0
79345,T2a,4873.3
51122,Mi1,4874.0
34057,Mi1,4874.7
16545,Li28,4875.7
14209,Li28,4875.900000000001
35405,Mi1,4876.8
53065,Mi1,4877.6
16596,Li28,4877.7
17596,Li28,4877.900000000001
33462,Mi1,4878.9
92114,T4c,4879.1
15019,Li28,4879.400000000001
36252,Mi1,4879.9
23047,Li28,4880.4
11981,Li28,4882.400000000001
33907,Mi1,4882.6
35498,Mi1,4883.200000000001
17280,Li28,4883.8
83365,T2a,4883.8
118924,Tm3,4884.2
16033,Li28,4885.3
15909,Li28,4885.900000000001
20264,Li28,4886.099999999999
19292,Li28,4886.8
34849,Mi1,4887.400000000001
15263,Li28,4887.400000000001
51122,Mi1,4888.5
34057,Mi1,4888.799999999999
16545,Li28,4889.0
35405,Mi1,4890.3
14209,Li28,4890.6
17596,Li28,4892.2
33462,Mi1,4892.700000000001
53065,Mi1,4892.9
16596,Li28,4893.0
15019,Li28,4894.200000000001
99922,T4c,4894.5
23047,Li28,4895.1
36252,Mi1,4895.700000000001
11981,Li28,4896.5
33907,Mi1,4897.9
35498,Mi1,4898.8
16033,Li28,4899.200000000001
17280,Li28,4899.7
19292,Li28,4901.5
15909,Li28,4901.7
15263,Li28,4901.900000000001
51122,Mi1,4902.0
20264,Li28,4902.099999999999
34849,Mi1,4902.200000000001
34057,Mi1,4902.9
16545,Li28,4902.9
14209,Li28,4903.700000000001
35405,Mi1,4904.3
53065,Mi1,4906.000000000001
17596,Li28,4906.6
16596,Li28,4907.4
71052,T2a,4907.4
15019,Li28,4907.7
33462,Mi1,4908.2
23047,Li28,4909.5
36252,Mi1,4909.6
11981,Li28,4911.2
16033,Li28,4913.5
33907,Mi1,4913.5
17280,Li28,4913.6
35498,Mi1,4914.3
51122,Mi1,4915.500000000001
19292,Li28,4916.1
34849,Mi1,4916.2
16545,Li28,4916.5
15263,Li28,4916.599999999999
20264,Li28,4917.3
34057,Mi1,4917.900000000001
15909,Li28,4918.099999999999
35405,Mi1,4919.0
14209,Li28,4919.3
53065,Mi1,4920.4
17596,Li28,4921.5
16596,Li28,4921.8
15019,Li28,4922.2
33462,Mi1,4922.6
36252,Mi1,4924.8
23047,Li28,4925.0
11981,Li28,4926.5
16033,Li28,4927.700000000001
35498,Mi1,4927.8
33907,Mi1,4928.0
17280,Li28,4930.3
15263,Li28,4930.900000000001
34057,Mi1,4931.0
16545,Li28,4931.4
51122,Mi1,4931.500000000001
34849,Mi1,4931.8
14209,Li28,4932.5
19292,Li28,4932.5
15909,Li28,4933.2
20264,Li28,4933.5
53065,Mi1,4933.900000000001
35405,Mi1,4934.099999999999
99663,T4c,4934.9
16596,Li28,4935.9
33462,Mi1,4936.2
15019,Li28,4937.400000000001
17596,Li28,4937.6
36252,Mi1,4939.8
103479,T4c,4939.8
23047,Li28,4940.1
33907,Mi1,4941.900000000001
11981,Li28,4942.099999999999
16033,Li28,4942.8
83365,T2a,4943.5
35498,Mi1,4943.700000000001
17280,Li28,4945.0
16545,Li28,4945.2
34057,Mi1,4946.000000000001
51122,Mi1,4946.8
15263,Li28,4946.900000000001
34849,Mi1,4946.900000000001
15909,Li28,4947.6
35405,Mi1,4947.7
14209,Li28,4947.8
19292,Li28,4948.3
20264,Li28,4948.700000000001
53065,Mi1,4949.6
16596,Li28,4950.0
33462,Mi1,4950.4
15019,Li28,4951.299999999999
17596,Li28,4951.8
92114,T4c,4954.3
36252,Mi1,4954.400000000001
23047,Li28,4955.5
33907,Mi1,4956.8
16033,Li28,4957.4
11981,Li28,4957.6
16545,Li28,4959.5
35498,Mi1,4960.1
17280,Li28,4960.4
34849,Mi1,4960.500000000001
34057,Mi1,4961.0
15263,Li28,4961.3
15909,Li28,4961.6
51122,Mi1,4961.8
35405,Mi1,4962.6
14209,Li28,4962.7
19292,Li28,4963.6
20264,Li28,4963.900000000001
53065,Mi1,4964.700000000001
33462,Mi1,4965.1
16596,Li28,4965.2
15019,Li28,4966.8
17596,Li28,4967.299999999999
71052,T2a,4968.6
36252,Mi1,4968.7
23047,Li28,4970.5
33907,Mi1,4971.099999999999
16033,Li28,4971.200000000001
11981,Li28,4971.6
16545,Li28,4972.9
34849,Mi1,4973.900000000001
35498,Mi1,4974.0
17280,Li28,4974.4
34057,Mi1,4975.8
37000,Mi1,4976.0
35405,Mi1,4976.1
51122,Mi1,4976.3
15263,Li28,4976.4
15909,Li28,4976.500000000001
42119,Mi1,4977.3
19292,Li28,4978.2
16596,Li28,4978.6
14209,Li28,4978.7
20264,Li28,4978.7
53065,Mi1,4979.099999999999
33462,Mi1,4980.400000000001
99922,T4c,4981.4
56564,Mi1,4981.5
15019,Li28,4982.5
17596,Li28,4982.9
532850,Tm3,4983.3
76325,T2a,4983.6
36252,Mi1,4983.7
23047,Li28,4984.200000000001
34356,Mi1,4984.500000000001
90049,T4c,4984.500000000001
33907,Mi1,4985.0
16033,Li28,4985.1
11981,Li28,4986.1
83365,T2a,4986.8
16545,Li28,4987.5
17280,Li28,4988.3
34849,Mi1,4988.8
35405,Mi1,4989.0
35498,Mi1,4989.1
15909,Li28,4989.3
15263,Li28,4989.900000000001
34057,Mi1,4990.4
51122,Mi1,4990.6
19292,Li28,4992.200000000001
14209,Li28,4992.3
20264,Li28,4992.6
53065,Mi1,4993.1
99663,T4c,4993.5
16596,Li28,4993.8
69597,Tm3,4994.6
33462,Mi1,4996.1
15019,Li28,4996.700000000001
36252,Mi1,4997.4
17596,Li28,4997.6
73828,Tm3,4999.400000000001
33907,Mi1,4999.5
23047,Li28,4999.900000000001
11981,Li28,5000.200000000001
37000,Mi1,5000.3
103479,T4c,5000.4
16033,Li28,5000.8
16545,Li28,5000.900000000001
34849,Mi1,5002.6
17280,Li28,5003.0
34057,Mi1,5003.5
15909,Li28,5003.6
35405,Mi1,5003.6
15263,Li28,5003.900000000001
35498,Mi1,5004.2
51122,Mi1,5005.4
42119,Mi1,5005.6
92114,T4c,5005.900000000001
34356,Mi1,5006.3
56564,Mi1,5006.5
14209,Li28,5006.6
19292,Li28,5007.000000000001
71052,T2a,5007.1
20264,Li28,5007.5
53065,Mi1,5007.5
16596,Li28,5008.3
33462,Mi1,5009.8
99922,T4c,5009.9
99423,T4d,5011.0
98099,T4b,5011.0
17596,Li28,5011.4
15019,Li28,5011.5
36252,Mi1,5011.6
33907,Mi1,5013.799999999999
23047,Li28,5014.700000000001
16033,Li28,5014.9
118924,Tm3,5015.1
34849,Mi1,5015.2
16545,Li28,5016.0
11981,Li28,5016.3
17280,Li28,5017.0
34057,Mi1,5017.400000000001
35405,Mi1,5017.8
15909,Li28,5017.9
15263,Li28,5018.000000000001
35498,Mi1,5019.0
51122,Mi1,5019.099999999999
14209,Li28,5020.599999999999
37000,Mi1,5020.8
53065,Mi1,5021.799999999999
20264,Li28,5022.5
42119,Mi1,5023.000000000001
19292,Li28,5023.2
16596,Li28,5023.2
33462,Mi1,5024.4
56564,Mi1,5024.6
34356,Mi1,5025.2
15019,Li28,5025.3
36252,Mi1,5025.9
17596,Li28,5026.3
23047,Li28,5028.5
33907,Mi1,5028.700000000001
16033,Li28,5029.0
16545,Li28,5030.6
17280,Li28,5030.6
34849,Mi1,5030.700000000001
15909,Li28,5031.2
11981,Li28,5031.400000000001
15263,Li28,5032.4
34057,Mi1,5032.4
35405,Mi1,5032.8
51122,Mi1,5034.2
35498,Mi1,5034.400000000001
14209,Li28,5034.900000000001
19292,Li28,5036.400000000001
20264,Li28,5036.400000000001
53065,Mi1,5036.599999999999
16596,Li28,5037.2
37000,Mi1,5037.3
42119,Mi1,5039.000000000001
33462,Mi1,5039.400000000001
15019,Li28,5039.8
36252,Mi1,5039.900000000001
71052,T2a,5041.0
56564,Mi1,5041.3
17596,Li28,5041.5
34356,Mi1,5042.7
23047,Li28,5043.099999999999
33907,Mi1,5043.3
34849,Mi1,5044.700000000001
83365,T2a,5044.700000000001
16545,Li28,5044.8
11981,Li28,5045.2
16033,Li28,5045.4
15909,Li28,5045.5
15263,Li28,5045.900000000001
35405,Mi1,5045.900000000001
94305,T4a,5046.1
17280,Li28,5046.400000000001
34057,Mi1,5047.000000000001
35498,Mi1,5048.8
14209,Li28,5049.0
51122,Mi1,5049.2
19292,Li28,5050.5
20264,Li28,5051.4
16596,Li28,5052.599999999999
53065,Mi1,5052.700000000001
99663,T4c,5052.8
37000,Mi1,5053.1
33462,Mi1,5053.7
36252,Mi1,5054.400000000001
69597,Tm3,5055.1
15019,Li28,5055.3
42119,Mi1,5055.900000000001
17596,Li28,5056.200000000001
94624,T4a,5056.200000000001
56564,Mi1,5056.8
34356,Mi1,5057.9
33907,Mi1,5058.3
118924,Tm3,5058.400000000001
16545,Li28,5058.8
23047,Li28,5058.8
34849,Mi1,5058.8
11981,Li28,5059.5
15909,Li28,5060.2
15263,Li28,5060.400000000001
35405,Mi1,5060.9
17280,Li28,5061.1
34057,Mi1,5061.3
16033,Li28,5062.5
35498,Mi1,5063.000000000001
92114,T4c,5063.2
51122,Mi1,5063.7
14209,Li28,5064.500000000001
19292,Li28,5065.9
90049,T4c,5066.3
53065,Mi1,5066.6
20264,Li28,5066.7
99922,T4c,5066.8
16596,Li28,5067.200000000001
73828,Tm3,5067.9
92431,T4a,5068.0
33462,Mi1,5068.700000000001
37000,Mi1,5068.700000000001
15019,Li28,5070.1
36252,Mi1,5070.2
42119,Mi1,5070.8
17596,Li28,5070.9
103479,T4c,5071.1
33907,Mi1,5071.1
56564,Mi1,5072.099999999999
34849,Mi1,5072.3
15909,Li28,5072.900000000001
34356,Mi1,5073.2
11981,Li28,5073.400000000001
16545,Li28,5073.400000000001
23047,Li28,5073.400000000001
17280,Li28,5075.5
15263,Li28,5075.7
35405,Mi1,5075.9
34057,Mi1,5075.9
51122,Mi1,5078.2
35498,Mi1,5078.3
16033,Li28,5078.5
14209,Li28,5078.700000000001
71052,T2a,5079.000000000001
53065,Mi1,5079.8
16596,Li28,5080.900000000001
19292,Li28,5081.400000000001
20264,Li28,5081.9
37000,Mi1,5082.6
33462,Mi1,5082.7
17596,Li28,5085.200000000001
36252,Mi1,5085.8
42119,Mi1,5086.0
33907,Mi1,5086.5
15019,Li28,5086.6
56564,Mi1,5086.9
34849,Mi1,5087.000000000001
11981,Li28,5087.6
15909,Li28,5088.3
34356,Mi1,5088.7
23047,Li28,5089.0
16545,Li28,5089.0
35405,Mi1,5089.8
15263,Li28,5090.6
34057,Mi1,5090.900000000001
17280,Li28,5091.5
35498,Mi1,5092.8
16033,Li28,5093.1
51122,Mi1,5093.3
14209,Li28,5093.4
53065,Mi1,5095.2
16596,Li28,5095.400000000001
19292,Li28,5096.8
37000,Mi1,5097.5
33462,Mi1,5097.700000000001
65671,Mi1,5097.700000000001
20264,Li28,5098.5
17596,Li28,5099.200000000001
55976,Mi1,5099.200000000001
35017,Mi1,5099.5
42119,Mi1,5100.1
36252,Mi1,5100.2
33907,Mi1,5100.3
15019,Li28,5100.900000000001
56564,Mi1,5101.3
35836,Mi1,5102.1
34849,Mi1,5102.2
34479,Mi1,5102.400000000001
11981,Li28,5102.8
15909,Li28,5103.000000000001
16545,Li28,5103.400000000001
34356,Mi1,5103.7
23047,Li28,5103.900000000001
34057,Mi1,5104.0
94305,T4a,5104.3
34189,Mi1,5104.5
35405,Mi1,5104.6
15263,Li28,5105.0
17280,Li28,5106.1
35498,Mi1,5107.0
83365,T2a,5107.7
99423,T4d,5107.7
16033,Li28,5107.8
92114,T4c,5107.9
14209,Li28,5108.0
35770,Mi1,5108.1
35840,Mi1,5108.1
51122,Mi1,5108.2
53065,Mi1,5108.900000000001
99663,T4c,5110.0
69597,Tm3,5111.000000000001
33462,Mi1,5111.1
16596,Li28,5111.8
37000,Mi1,5111.900000000001
20264,Li28,5112.4
66808,Tm3,5112.4
19292,Li28,5112.7
17596,Li28,5113.9
36252,Mi1,5114.3
42119,Mi1,5114.3
15019,Li28,5114.8
33907,Mi1,5115.0
107442,T4d,5115.4
15909,Li28,5115.9
34849,Mi1,5116.1
11981,Li28,5116.8
56564,Mi1,5116.900000000001
94624,T4a,5116.900000000001
35405,Mi1,5117.500000000001
23047,Li28,5117.900000000001
34356,Mi1,5118.599999999999
34057,Mi1,5118.700000000001
16545,Li28,5119.1
15263,Li28,5120.200000000001
17280,Li28,5120.6
71052,T2a,5120.7
65671,Mi1,5121.0
93566,T4a,5121.0
55976,Mi1,5121.1
50333,TmY3,5121.2
35498,Mi1,5121.599999999999
16033,Li28,5122.0
14209,Li28,5122.2
53065,Mi1,5122.900000000001
51122,Mi1,5123.099999999999
35017,Mi1,5123.200000000001
95883,T4a,5123.200000000001
102791,T4c,5123.4
92047,T4c,5123.6
106952,T4b,5124.0
97899,T4a,5124.2
33462,Mi1,5124.400000000001
92431,T4a,5124.5
35836,Mi1,5125.0
90049,T4c,5125.4
16596,Li28,5126.0
34479,Mi1,5126.3
35770,Mi1,5126.5
37000,Mi1,5127.3
34189,Mi1,5127.400000000001
19292,Li28,5127.6
20264,Li28,5127.6
36252,Mi1,5127.900000000001
73828,Tm3,5128.0
33907,Mi1,5128.5
17596,Li28,5128.7
74023,T2a,5128.8
42119,Mi1,5128.8
15909,Li28,5128.900000000001
15019,Li28,5129.0
98985,T4c,5129.1
101772,Tm3,5129.5
35840,Mi1,5129.9
34849,Mi1,5130.5
100867,T4b,5131.4
92706,T4a,5131.9
35405,Mi1,5132.1
11981,Li28,5132.1
118924,Tm3,5132.3
34356,Mi1,5132.900000000001
34057,Mi1,5133.0
56564,Mi1,5133.1
16545,Li28,5133.200000000001
23047,Li28,5133.4
76325,T2a,5133.900000000001
110646,T4b,5134.2
532850,Tm3,5134.2
15263,Li28,5134.700000000001
95458,T4d,5135.000000000001
16033,Li28,5135.1
99922,T4c,5135.6
17280,Li28,5135.6
35498,Mi1,5136.0
98381,T4d,5136.200000000001
66808,Tm3,5136.3
53065,Mi1,5136.7
14209,Li28,5136.8
94305,T4a,5136.8
91469,T4c,5136.900000000001
92114,T4c,5136.900000000001
98099,T4b,5137.0
65671,Mi1,5137.599999999999
51122,Mi1,5137.700000000001
69380,Tm3,5139.0
15909,Li28,5139.3
99663,T4c,5139.4
33462,Mi1,5139.5
52328,TmY3,5139.5
16596,Li28,5139.8
55976,Mi1,5140.1
69597,Tm3,5140.2
35836,Mi1,5140.7
90465,T4a,5140.900000000001
103479,T4c,5141.3
36252,Mi1,5141.4
20264,Li28,5141.900000000001
98788,T4d,5142.1
19292,Li28,5142.2
37000,Mi1,5142.2
35017,Mi1,5142.5
17596,Li28,5142.700000000001
33907,Mi1,5142.700000000001
35770,Mi1,5142.9
116716,T4b,5143.7
15019,Li28,5143.8
42119,Mi1,5144.0
34849,Mi1,5144.3
34479,Mi1,5144.9
35405,Mi1,5145.599999999999
35840,Mi1,5145.8
16545,Li28,5146.0
11981,Li28,5146.4
50333,TmY3,5146.900000000001
34057,Mi1,5147.0
34356,Mi1,5147.200000000001
56564,Mi1,5147.4
34189,Mi1,5147.5
83365,T2a,5148.000000000001
94624,T4a,5148.1
16033,Li28,5148.1
23047,Li28,5148.8
15263,Li28,5149.0
98887,T4b,5149.0
35498,Mi1,5149.3
75848,T2a,5149.3
95883,T4a,5149.4
17280,Li28,5149.900000000001
93566,T4a,5150.2
51122,Mi1,5151.2
92047,T4c,5151.2
15909,Li28,5151.3
14209,Li28,5151.400000000001
107442,T4d,5151.5
53065,Mi1,5151.7
92431,T4a,5152.099999999999
65671,Mi1,5152.4
33462,Mi1,5153.3
71052,T2a,5154.1
16596,Li28,5154.7
35836,Mi1,5155.5
20264,Li28,5156.3
37000,Mi1,5156.400000000001
99922,T4c,5156.5
17596,Li28,5156.8
55976,Mi1,5157.1
19292,Li28,5157.3
33907,Mi1,5157.7
77383,T2a,5157.7
36252,Mi1,5158.0
42119,Mi1,5158.3
34849,Mi1,5158.400000000001
35017,Mi1,5158.5
15019,Li28,5158.700000000001
109142,T4b,5159.7
16545,Li28,5159.7
35770,Mi1,5160.0
11981,Li28,5160.4
34356,Mi1,5160.5
35405,Mi1,5161.1
34479,Mi1,5161.2
34057,Mi1,5161.400000000001
16033,Li28,5161.599999999999
56564,Mi1,5161.599999999999
35840,Mi1,5161.9
102791,T4c,5162.0
34189,Mi1,5162.799999999999
35498,Mi1,5163.400000000001
106952,T4b,5164.1
15263,Li28,5164.3
23047,Li28,5164.400000000001
15909,Li28,5164.7
66808,Tm3,5164.7
92114,T4c,5164.7
74023,T2a,5164.900000000001
51122,Mi1,5165.0
17280,Li28,5165.4
101772,Tm3,5165.500000000001
65671,Mi1,5165.500000000001
90049,T4c,5165.6
53065,Mi1,5166.1
97675,T4c,5166.1
79257,Tm3,5166.700000000001
14209,Li28,5166.8
33462,Mi1,5166.9
89434,T4c,5167.2
96295,T4b,5167.6
66214,T2a,5168.0
97899,T4a,5168.200000000001
99663,T4c,5168.3
91469,T4c,5168.6
16596,Li28,5169.8
20264,Li28,5169.8
35836,Mi1,5169.9
55976,Mi1,5170.4
37000,Mi1,5171.0
98985,T4c,5171.200000000001
36252,Mi1,5171.8
33907,Mi1,5172.000000000001
83365,T2a,5172.2
17596,Li28,5172.400000000001
42119,Mi1,5172.7
16545,Li28,5172.7
19292,Li28,5172.900000000001
35017,Mi1,5173.500000000001
15019,Li28,5173.6
34356,Mi1,5174.3
34849,Mi1,5174.5
35405,Mi1,5174.599999999999
11981,Li28,5174.700000000001
94305,T4a,5174.9
56564,Mi1,5175.1
91806,T4a,5175.3
34057,Mi1,5175.7
16033,Li28,5176.099999999999
35840,Mi1,5176.200000000001
35770,Mi1,5176.5
105698,T4c,5177.2
34189,Mi1,5177.3
15909,Li28,5177.5
100867,T4b,5177.5
35498,Mi1,5177.700000000001
88625,T4c,5177.700000000001
114391,T4d,5177.700000000001
34479,Mi1,5178.1
92047,T4c,5178.900000000001
51122,Mi1,5178.900000000001
23047,Li28,5179.6
15263,Li28,5180.1
92431,T4a,5180.1
33462,Mi1,5180.2
69597,Tm3,5180.2
53065,Mi1,5180.3
65671,Mi1,5180.3
17280,Li28,5180.5
76524,Tm3,5180.7
92706,T4a,5180.8
14209,Li28,5181.500000000001
61401,T2a,5182.3
110646,T4b,5182.700000000001
95883,T4a,5183.0
95458,T4d,5183.1
98381,T4d,5183.2
20264,Li28,5183.400000000001
16596,Li28,5183.8
51231,TmY3,5184.200000000001
55976,Mi1,5185.0
108307,T4b,5185.1
35836,Mi1,5185.599999999999
42119,Mi1,5186.1
33907,Mi1,5186.1
37000,Mi1,5186.1
19292,Li28,5186.5
36252,Mi1,5187.1
16545,Li28,5187.3
11981,Li28,5187.8
17596,Li28,5187.8
15019,Li28,5188.1
56564,Mi1,5188.5
34849,Mi1,5188.6
35017,Mi1,5188.7
34356,Mi1,5189.0
34057,Mi1,5189.3
35405,Mi1,5189.7
15909,Li28,5190.2
94624,T4a,5190.9
16033,Li28,5191.1
35770,Mi1,5191.8
102791,T4c,5191.8
34479,Mi1,5192.3
35498,Mi1,5192.3
35840,Mi1,5192.6
34189,Mi1,5192.8
92996,T4a,5193.0
92114,T4c,5193.0
23047,Li28,5193.599999999999
51122,Mi1,5193.599999999999
71052,T2a,5194.0
17280,Li28,5194.1
66808,Tm3,5194.3
69380,Tm3,5194.5
99663,T4c,5194.6
93566,T4a,5194.8
104257,T4b,5195.1
33462,Mi1,5195.3
101772,Tm3,5195.400000000001
53065,Mi1,5195.6
15263,Li28,5195.700000000001
65671,Mi1,5195.8
99423,T4d,5195.9
107442,T4d,5195.9
14209,Li28,5196.400000000001
10015,HSN,5196.8
98887,T4b,5197.500000000001
50333,TmY3,5197.6
16596,Li28,5197.6
20264,Li28,5198.3
118924,Tm3,5198.8
73828,Tm3,5199.0
35836,Mi1,5199.6
55976,Mi1,5199.7
79345,T2a,5199.8
16545,Li28,5200.5
42119,Mi1,5200.5
36252,Mi1,5201.1
33907,Mi1,5201.2
19292,Li28,5201.400000000001
37000,Mi1,5201.8
15909,Li28,5201.8
56564,Mi1,5201.9
34356,Mi1,5202.3
99922,T4c,5202.3
11981,Li28,5202.4
97899,T4a,5202.500000000001
34057,Mi1,5202.6
74023,T2a,5203.1
16033,Li28,5203.2
35017,Mi1,5203.2
17596,Li28,5203.3
15019,Li28,5203.3
34849,Mi1,5203.8
35405,Mi1,5204.000000000001
91469,T4c,5204.6
92047,T4c,5205.3
35498,Mi1,5206.400000000001
94305,T4a,5206.700000000001
34479,Mi1,5206.9
91806,T4a,5206.9
34189,Mi1,5207.1
35770,Mi1,5207.5
23047,Li28,5207.6
35840,Mi1,5207.8
51122,Mi1,5207.8
92842,T4a,5207.8
98099,T4b,5207.8
17280,Li28,5208.8
98381,T4d,5209.599999999999
53065,Mi1,5209.700000000001
73096,T2a,5209.9
33462,Mi1,5209.9
92431,T4a,5210.7
109598,T4b,5210.7
45005,TmY3,5210.7
65671,Mi1,5211.2
14209,Li28,5211.2
15263,Li28,5211.5
103479,T4c,5211.9
109142,T4b,5212.400000000001
20264,Li28,5212.7
16596,Li28,5212.900000000001
97675,T4c,5212.900000000001
55976,Mi1,5213.4
35836,Mi1,5213.900000000001
66325,Tm3,5214.0
15909,Li28,5214.1
82145,T2a,5214.3
36252,Mi1,5214.3
42119,Mi1,5214.400000000001
16545,Li28,5214.9
11981,Li28,5215.6
90465,T4a,5215.6
34356,Mi1,5216.0
33907,Mi1,5216.5
98985,T4c,5216.5
19292,Li28,5216.7
37000,Mi1,5216.7
56564,Mi1,5216.7
102016,T4a,5216.8
34057,Mi1,5216.9
16033,Li28,5217.2
17596,Li28,5217.599999999999
35017,Mi1,5217.8
15019,Li28,5217.900000000001
98788,T4d,5218.200000000001
34849,Mi1,5218.4
35405,Mi1,5218.6
95458,T4d,5218.6
92706,T4a,5218.8
89434,T4c,5219.2
95883,T4a,5219.3
100867,T4b,5219.6
35498,Mi1,5219.9
34479,Mi1,5220.2
69597,Tm3,5221.200000000001
90049,T4c,5221.3
83365,T2a,5221.4
10015,HSN,5221.8
34189,Mi1,5221.900000000001
35840,Mi1,5221.900000000001
66808,Tm3,5222.3
101772,Tm3,5222.5
23047,Li28,5222.5
35770,Mi1,5222.599999999999
51122,Mi1,5222.599999999999
92114,T4c,5222.9
53065,Mi1,5223.3
99663,T4c,5223.5
17280,Li28,5224.099999999999
66214,T2a,5225.2
92939,T4b,5225.2
33462,Mi1,5225.299999999999
61401,T2a,5225.299999999999
50333,TmY3,5225.5
47368,TmY3,5225.5
110646,T4b,5225.6
65671,Mi1,5225.900000000001
14209,Li28,5226.0
15909,Li28,5226.500000000001
15263,Li28,5226.7
20264,Li28,5226.8
71052,T2a,5226.900000000001
76325,T2a,5227.5
42119,Mi1,5227.8
55976,Mi1,5228.000000000001
16596,Li28,5228.1
35836,Mi1,5228.7
36252,Mi1,5228.7
34356,Mi1,5229.4
16033,Li28,5229.7
16545,Li28,5230.0
33907,Mi1,5230.2
37000,Mi1,5230.599999999999
34057,Mi1,5230.700000000001
532850,Tm3,5231.0
11981,Li28,5231.1
97899,T4a,5231.5
56564,Mi1,5231.900000000001
17596,Li28,5232.0
35405,Mi1,5232.099999999999
34849,Mi1,5232.200000000001
15019,Li28,5232.3
74023,T2a,5232.5
35498,Mi1,5232.6
35017,Mi1,5232.7
19292,Li28,5232.8
96295,T4b,5232.8
108349,T4d,5233.0
94624,T4a,5233.6
34479,Mi1,5233.700000000001
102791,T4c,5233.8
69380,Tm3,5234.200000000001
75848,T2a,5234.4
79257,Tm3,5234.900000000001
51231,TmY3,5235.0
92431,T4a,5235.599999999999
88625,T4c,5235.8
93566,T4a,5235.9
106952,T4b,5236.000000000001
91469,T4c,5236.1
34189,Mi1,5236.6
35770,Mi1,5236.6
95822,T4b,5236.6
92047,T4c,5236.900000000001
35840,Mi1,5237.0
94305,T4a,5237.7
15909,Li28,5238.2
23047,Li28,5238.3
53065,Mi1,5238.400000000001
51122,Mi1,5238.5
104257,T4b,5238.8
17280,Li28,5238.9
33462,Mi1,5239.2
76524,Tm3,5239.6
15263,Li28,5240.3
65671,Mi1,5240.3
107442,T4d,5240.8
14209,Li28,5241.0
20264,Li28,5241.3
98381,T4d,5241.8
95883,T4a,5241.900000000001
55976,Mi1,5242.3
105698,T4c,5242.500000000001
42119,Mi1,5242.500000000001
34356,Mi1,5242.6
52328,TmY3,5242.8
16545,Li28,5242.900000000001
36252,Mi1,5242.900000000001
98887,T4b,5243.0
16596,Li28,5243.1
16033,Li28,5243.599999999999
35836,Mi1,5243.8
33907,Mi1,5244.6
37000,Mi1,5244.7
92706,T4a,5245.099999999999
34057,Mi1,5245.099999999999
11981,Li28,5245.3
56564,Mi1,5245.8
15019,Li28,5246.0
35405,Mi1,5246.5
17596,Li28,5246.8
35498,Mi1,5247.0
118924,Tm3,5247.3
35017,Mi1,5247.6
34479,Mi1,5247.7
34849,Mi1,5248.5
10015,HSN,5248.5
19292,Li28,5248.6
35770,Mi1,5249.8
95458,T4d,5250.1
15909,Li28,5250.500000000001
66808,Tm3,5250.8
91806,T4a,5250.8
101772,Tm3,5251.5
35840,Mi1,5251.599999999999
89434,T4c,5251.9
34189,Mi1,5252.000000000001
51122,Mi1,5252.2
99922,T4c,5252.400000000001
23047,Li28,5252.7
50333,TmY3,5253.5
17280,Li28,5253.7
33462,Mi1,5253.7
53065,Mi1,5253.900000000001
98099,T4b,5254.400000000001
98788,T4d,5255.0
65671,Mi1,5255.3
97231,T4a,5255.3
16545,Li28,5255.5
14209,Li28,5255.7
15263,Li28,5255.8
42119,Mi1,5256.0
55976,Mi1,5256.0
34356,Mi1,5256.099999999999
92114,T4c,5256.200000000001
36252,Mi1,5256.4
20264,Li28,5257.2
33907,Mi1,5257.3
16033,Li28,5257.6
11981,Li28,5258.3
83365,T2a,5258.4
98985,T4c,5258.6
16596,Li28,5258.6
34057,Mi1,5258.8
35836,Mi1,5258.900000000001
109142,T4b,5259.8
56564,Mi1,5259.9
35405,Mi1,5260.6
15019,Li28,5260.7
17596,Li28,5261.0
37000,Mi1,5261.099999999999
34479,Mi1,5261.3
35498,Mi1,5261.5
35017,Mi1,5262.2
15909,Li28,5262.9
110646,T4b,5263.1
19292,Li28,5263.4
94305,T4a,5263.799999999999
100867,T4b,5263.799999999999
102791,T4c,5263.799999999999
99663,T4c,5263.900000000001
73828,Tm3,5264.099999999999
74023,T2a,5264.3
92431,T4a,5264.5
97899,T4a,5264.6
90049,T4c,5264.7
69597,Tm3,5265.2
92996,T4a,5265.2
34849,Mi1,5265.400000000001
51122,Mi1,5266.0
35770,Mi1,5266.1
34189,Mi1,5266.6
35840,Mi1,5267.0
33462,Mi1,5267.700000000001
53065,Mi1,5268.1
17280,Li28,5268.3
23047,Li28,5268.400000000001
16545,Li28,5269.200000000001
15263,Li28,5269.4
92047,T4c,5269.4
55976,Mi1,5269.7
34356,Mi1,5270.3
92706,T4a,5270.400000000001
65671,Mi1,5270.5
20264,Li28,5271.1
42119,Mi1,5271.1
14209,Li28,5271.3
34057,Mi1,5271.3
71052,T2a,5271.3
76325,T2a,5271.4
16033,Li28,5271.6
36252,Mi1,5271.900000000001
33907,Mi1,5272.3
11981,Li28,5272.6
66808,Tm3,5273.2
35836,Mi1,5273.400000000001
16596,Li28,5273.5
56564,Mi1,5273.5
103479,T4c,5273.5
90465,T4a,5273.7
95883,T4a,5273.900000000001
93566,T4a,5273.900000000001
35405,Mi1,5274.500000000001
45005,TmY3,5274.500000000001
37000,Mi1,5274.7
34479,Mi1,5274.8
50333,TmY3,5274.8
69380,Tm3,5274.8
91469,T4c,5275.0
97675,T4c,5275.0
35498,Mi1,5275.1
15019,Li28,5275.2
98381,T4d,5275.9
10015,HSN,5275.9
15909,Li28,5276.1
17596,Li28,5276.8
35017,Mi1,5276.900000000001
94624,T4a,5278.0
61401,T2a,5278.1
19292,Li28,5278.400000000001
34849,Mi1,5278.8
107442,T4d,5278.8
109598,T4b,5278.8
101772,Tm3,5280.099999999999
75848,T2a,5280.099999999999
35770,Mi1,5280.200000000001
34189,Mi1,5280.8
35840,Mi1,5281.400000000001
51122,Mi1,5281.5
16545,Li28,5282.1
17280,Li28,5282.7
23047,Li28,5282.7
33462,Mi1,5283.0
53065,Mi1,5283.1
34356,Mi1,5283.5
55976,Mi1,5283.5
15263,Li28,5283.700000000001
34057,Mi1,5284.2
65671,Mi1,5284.6
16033,Li28,5285.3
36252,Mi1,5285.7
11981,Li28,5286.0
20264,Li28,5286.2
33907,Mi1,5286.599999999999
42119,Mi1,5286.700000000001
51231,TmY3,5286.700000000001
532850,Tm3,5286.700000000001
35836,Mi1,5287.1
14209,Li28,5287.1
92114,T4c,5287.3
98887,T4b,5287.4
16596,Li28,5287.5
34479,Mi1,5287.5
66214,T2a,5287.7
106952,T4b,5288.0
92047,T4c,5288.3
56564,Mi1,5288.6
35498,Mi1,5289.000000000001
37000,Mi1,5289.000000000001
15909,Li28,5289.000000000001
15019,Li28,5289.1
99922,T4c,5289.2
91806,T4a,5289.400000000001
98099,T4b,5289.400000000001
104257,T4b,5289.8
77383,T2a,5289.900000000001
66808,Tm3,5290.0
83365,T2a,5290.0
98985,T4c,5290.0
99423,T4d,5290.1
35405,Mi1,5290.4
17596,Li28,5291.0
99663,T4c,5291.400000000001
35017,Mi1,5291.9
94305,T4a,5292.0
96295,T4b,5292.1
34849,Mi1,5292.2
92431,T4a,5292.2
88625,T4c,5293.8
19292,Li28,5294.1
51122,Mi1,5295.3
47368,TmY3,5295.4
35840,Mi1,5295.6
34189,Mi1,5295.7
35770,Mi1,5296.6
16545,Li28,5296.8
23047,Li28,5296.8
34356,Mi1,5297.1
53065,Mi1,5297.3
33462,Mi1,5297.6
91444,T4c,5297.900000000001
15263,Li28,5298.1
17280,Li28,5298.4
34057,Mi1,5298.4
55976,Mi1,5298.900000000001
16033,Li28,5299.0
65671,Mi1,5299.5
15909,Li28,5300.5
14209,Li28,5300.8
36252,Mi1,5300.8
33907,Mi1,5300.900000000001
35836,Mi1,5300.900000000001
56564,Mi1,5301.6
11981,Li28,5301.7
95883,T4a,5301.7
108307,T4b,5302.2
37000,Mi1,5302.5
35498,Mi1,5302.599999999999
42119,Mi1,5302.700000000001
34479,Mi1,5302.9
20264,Li28,5303.1
16596,Li28,5303.6
15019,Li28,5303.7
17596,Li28,5304.8
35405,Mi1,5304.9
79257,Tm3,5305.2
97899,T4a,5305.3
102791,T4c,5305.5
35017,Mi1,5305.5
34849,Mi1,5306.099999999999
98381,T4d,5306.3
89434,T4c,5307.2
94624,T4a,5307.2
95458,T4d,5307.2
92706,T4a,5307.3
19292,Li28,5307.700000000001
105698,T4c,5307.700000000001
101772,Tm3,5308.2
69597,Tm3,5309.0
52328,TmY3,5309.099999999999
100867,T4b,5309.9
35840,Mi1,5310.1
16545,Li28,5310.400000000001
71052,T2a,5310.5
91469,T4c,5310.599999999999
34356,Mi1,5311.0
51122,Mi1,5311.2
34189,Mi1,5311.3
33462,Mi1,5311.8
15263,Li28,5312.3
59397,Mi1,5312.400000000001
23047,Li28,5312.5
35770,Mi1,5312.700000000001
55976,Mi1,5312.700000000001
53065,Mi1,5312.8
15909,Li28,5313.3
34057,Mi1,5313.3
16033,Li28,5313.6
33907,Mi1,5313.8
66808,Tm3,5313.8
17280,Li28,5314.099999999999
11981,Li28,5314.4
65671,Mi1,5314.4
50333,TmY3,5314.6
35836,Mi1,5314.8
76325,T2a,5315.0
14209,Li28,5315.1
36252,Mi1,5315.2
74023,T2a,5315.5
33655,Mi1,5315.700000000001
35498,Mi1,5315.700000000001
36540,Mi1,5315.700000000001
37000,Mi1,5315.8
56564,Mi1,5315.8
92114,T4c,5316.5
69380,Tm3,5316.8
20264,Li28,5317.099999999999
42119,Mi1,5317.200000000001
34479,Mi1,5317.4
98788,T4d,5317.4
110646,T4b,5317.4
79345,T2a,5317.6
54087,Mi1,5318.1
92431,T4a,5318.1
15019,Li28,5318.599999999999
16596,Li28,5318.599999999999
91806,T4a,5318.599999999999
17596,Li28,5318.8
92047,T4c,5318.9
99663,T4c,5319.3
109598,T4b,5319.5
34849,Mi1,5319.6
35405,Mi1,5319.6
75848,T2a,5319.900000000001
80302,T2a,5319.900000000001
35017,Mi1,5320.0
82639,T2a,5320.2
87424,T4d,5320.8
94305,T4a,5321.400000000001
76524,Tm3,5321.5
107442,T4d,5321.5
114391,T4d,5321.5
19292,Li28,5321.8
90049,T4c,5322.8
83365,T2a,5323.3
16545,Li28,5323.5
15909,Li28,5323.700000000001
35840,Mi1,5323.9
34189,Mi1,5325.8
34356,Mi1,5325.8
33462,Mi1,5325.8
53065,Mi1,5326.0
15263,Li28,5326.9
16033,Li28,5327.0
34057,Mi1,5327.0
51122,Mi1,5327.0
97231,T4a,5327.1
23047,Li28,5327.7
35770,Mi1,5327.8
55976,Mi1,5327.900000000001
33907,Mi1,5328.1
65671,Mi1,5328.2
17280,Li28,5328.5
11981,Li28,5328.700000000001
35836,Mi1,5328.9
56564,Mi1,5329.1
36252,Mi1,5329.2
37000,Mi1,5329.5
35498,Mi1,5329.6
14209,Li28,5330.4
73828,Tm3,5330.8
103639,T4d,5331.2
99922,T4c,5331.400000000001
42119,Mi1,5331.599999999999
98099,T4b,5331.9
66808,Tm3,5332.0
95883,T4a,5332.1
98985,T4c,5332.1
20264,Li28,5332.2
34479,Mi1,5332.6
104257,T4b,5332.7
17596,Li28,5332.8
98381,T4d,5332.8
34849,Mi1,5332.900000000001
88625,T4c,5332.900000000001
118924,Tm3,5333.0
95822,T4b,5333.0
83979,T4a,5333.0
94624,T4a,5333.0
35405,Mi1,5333.3
15019,Li28,5333.4
16596,Li28,5333.4
97675,T4c,5333.5
103479,T4c,5333.5
98887,T4b,5333.9
35017,Mi1,5334.0
102791,T4c,5334.5
92706,T4a,5334.5
36540,Mi1,5334.9
109142,T4b,5335.1
59397,Mi1,5335.200000000001
95458,T4d,5335.4
101772,Tm3,5335.900000000001
15909,Li28,5336.0
19292,Li28,5336.3
97249,T4d,5336.3
92996,T4a,5336.5
54885,TmY3,5336.700000000001
97899,T4a,5336.700000000001
33655,Mi1,5336.700000000001
66325,Tm3,5336.8
10015,HSN,5337.1
16545,Li28,5337.400000000001
35840,Mi1,5337.900000000001
54087,Mi1,5338.099999999999
10037,VS,5338.3
100867,T4b,5339.1
91469,T4c,5339.2
92939,T4b,5339.2
16033,Li28,5339.8
92114,T4c,5339.8
33462,Mi1,5339.9
34057,Mi1,5340.0
34189,Mi1,5340.4
15263,Li28,5340.5
34356,Mi1,5340.5
10112,VS,5340.6
47368,TmY3,5340.8
53065,Mi1,5340.900000000001
51122,Mi1,5341.099999999999
55976,Mi1,5341.8
33907,Mi1,5341.9
65671,Mi1,5342.299999999999
35770,Mi1,5342.400000000001
91444,T4c,5342.5
23047,Li28,5342.599999999999
35836,Mi1,5342.700000000001
11981,Li28,5343.0
17280,Li28,5343.4
56564,Mi1,5343.4
93750,T4c,5343.4
36252,Mi1,5343.500000000001
61401,T2a,5343.7
85126,T4a,5343.7
37000,Mi1,5344.1
14209,Li28,5344.400000000001
92047,T4c,5344.700000000001
35498,Mi1,5344.9
20264,Li28,5345.8
90465,T4a,5345.8
45005,TmY3,5345.900000000001
74023,T2a,5346.200000000001
34479,Mi1,5346.500000000001
50333,TmY3,5347.3
35405,Mi1,5347.5
66214,T2a,5347.5
89434,T4c,5347.599999999999
17596,Li28,5347.599999999999
42119,Mi1,5347.700000000001
51231,TmY3,5347.700000000001
69597,Tm3,5347.8
16596,Li28,5348.1
34849,Mi1,5348.3
94305,T4a,5348.4
15019,Li28,5348.5
15909,Li28,5348.6
75521,T2a,5348.7
35017,Mi1,5348.900000000001
103022,T4a,5349.5
91806,T4a,5349.8
19292,Li28,5350.0
92431,T4a,5350.400000000001
93566,T4a,5350.6
52328,TmY3,5351.6
16545,Li28,5351.900000000001
35840,Mi1,5351.900000000001
10016,HSE,5352.2
36540,Mi1,5352.3
90049,T4c,5352.3
106952,T4b,5352.6
99663,T4c,5353.000000000001
73096,T2a,5353.400000000001
59397,Mi1,5353.6
71052,T2a,5353.6
34057,Mi1,5353.7
34356,Mi1,5354.0
16033,Li28,5354.200000000001
33462,Mi1,5354.200000000001
33655,Mi1,5354.3
66808,Tm3,5354.7
34189,Mi1,5354.8
55976,Mi1,5355.0
54087,Mi1,5355.5
33907,Mi1,5355.599999999999
53065,Mi1,5355.9
15263,Li28,5356.1
51122,Mi1,5356.4
35836,Mi1,5357.0
17280,Li28,5357.099999999999
36252,Mi1,5357.099999999999
11981,Li28,5357.200000000001
35770,Mi1,5357.200000000001
65671,Mi1,5357.3
56564,Mi1,5357.7
98985,T4c,5357.7
37000,Mi1,5357.8
23047,Li28,5358.0
96295,T4b,5358.0
14209,Li28,5358.5
35498,Mi1,5358.6
34479,Mi1,5360.2
83365,T2a,5360.2
69380,Tm3,5360.400000000001
77383,T2a,5360.400000000001
92706,T4a,5360.700000000001
116716,T4b,5360.8
95883,T4a,5360.8
20264,Li28,5360.8
63420,Mi1,5360.8
83979,T4a,5361.000000000001
110646,T4b,5361.2
15909,Li28,5361.3
34849,Mi1,5361.5
17596,Li28,5361.6
35405,Mi1,5361.8
42119,Mi1,5361.900000000001
98381,T4d,5362.099999999999
94624,T4a,5362.200000000001
16596,Li28,5362.4
99922,T4c,5363.0
35017,Mi1,5363.1
15019,Li28,5363.2
34369,Mi1,5363.2
79257,Tm3,5363.2
532850,Tm3,5363.599999999999
19292,Li28,5363.8
95364,T4d,5363.8
101772,Tm3,5364.0
98788,T4d,5364.1
109598,T4b,5364.3
95458,T4d,5364.900000000001
16545,Li28,5365.099999999999
37948,Mi1,5365.099999999999
10015,HSN,5365.200000000001
35840,Mi1,5365.9
105718,T4b,5366.0
75848,T2a,5366.1
92114,T4c,5367.200000000001
36540,Mi1,5367.500000000001
34356,Mi1,5367.500000000001
16033,Li28,5367.6
34057,Mi1,5367.6
33462,Mi1,5368.0
98099,T4b,5368.0
33907,Mi1,5368.400000000001
34189,Mi1,5368.700000000001
91469,T4c,5368.700000000001
53065,Mi1,5369.5
55976,Mi1,5370.099999999999
65671,Mi1,5370.099999999999
59397,Mi1,5370.3
92047,T4c,5370.3
50333,TmY3,5370.4
33655,Mi1,5370.4
11981,Li28,5370.900000000001
15263,Li28,5370.900000000001
36252,Mi1,5371.2
56564,Mi1,5371.2
17280,Li28,5371.3
51122,Mi1,5371.3
38767,Mi1,5371.599999999999
15909,Li28,5371.700000000001
37000,Mi1,5371.700000000001
35770,Mi1,5372.0
104257,T4b,5372.1
54087,Mi1,5372.3
105698,T4c,5372.3
23047,Li28,5372.4
35836,Mi1,5372.5
108307,T4b,5372.5
99423,T4d,5373.099999999999
35498,Mi1,5373.5
76524,Tm3,5373.8
74023,T2a,5373.9
14209,Li28,5374.2
102791,T4c,5374.3
34479,Mi1,5374.5
34849,Mi1,5374.700000000001
10025,H2,5374.900000000001
103479,T4c,5374.900000000001
79345,T2a,5375.1
20264,Li28,5375.200000000001
73828,Tm3,5375.3
98887,T4b,5375.4
94305,T4a,5375.8
42119,Mi1,5376.1
88625,T4c,5376.2
99663,T4c,5376.2
35405,Mi1,5376.400000000001
35017,Mi1,5376.599999999999
17596,Li28,5376.700000000001
77480,Tm3,5377.000000000001
16596,Li28,5377.400000000001
100867,T4b,5377.400000000001
114391,T4d,5377.400000000001
15019,Li28,5377.8
109142,T4b,5378.200000000001
16545,Li28,5378.4
19292,Li28,5378.7
76325,T2a,5378.900000000001
118924,Tm3,5379.400000000001
92842,T4a,5379.400000000001
97899,T4a,5380.5
93750,T4c,5380.7
34057,Mi1,5380.900000000001
69597,Tm3,5380.900000000001
36540,Mi1,5381.0
35840,Mi1,5381.3
34356,Mi1,5381.7
33462,Mi1,5382.0
63420,Mi1,5382.0
16033,Li28,5382.1
109536,T4d,5382.3
15909,Li28,5382.7
34189,Mi1,5382.900000000001
33907,Mi1,5383.0
107442,T4d,5383.8
116129,T4b,5383.900000000001
53065,Mi1,5384.0
92431,T4a,5384.1
15263,Li28,5384.5
34369,Mi1,5384.5
66808,Tm3,5384.599999999999
56564,Mi1,5384.599999999999
55976,Mi1,5384.599999999999
11981,Li28,5384.599999999999
37000,Mi1,5384.8
59397,Mi1,5385.2
65671,Mi1,5385.2
93566,T4a,5385.5
33655,Mi1,5385.8
36252,Mi1,5385.8
51122,Mi1,5385.900000000001
37948,Mi1,5386.099999999999
85126,T4a,5386.3
17280,Li28,5386.8
35770,Mi1,5386.900000000001
47368,TmY3,5387.0
35498,Mi1,5387.2
35836,Mi1,5387.2
95883,T4a,5387.3
54087,Mi1,5387.5
34849,Mi1,5387.700000000001
71052,T2a,5387.8
14209,Li28,5388.4
23047,Li28,5388.7
100680,T4d,5388.8
95005,T4a,5388.900000000001
83979,T4a,5388.900000000001
95822,T4b,5389.099999999999
97675,T4c,5389.099999999999
34479,Mi1,5389.200000000001
89434,T4c,5389.200000000001
38767,Mi1,5389.3
98381,T4d,5389.5
91806,T4a,5389.7
20264,Li28,5390.000000000001
91444,T4c,5390.1
87424,T4d,5390.2
96295,T4b,5390.2
104858,T4b,5390.3
90465,T4a,5390.3
35017,Mi1,5390.5
35405,Mi1,5390.6
99922,T4c,5390.6
110646,T4b,5391.1
17596,Li28,5391.200000000001
16596,Li28,5391.3
42119,Mi1,5391.4
10015,HSN,5391.7
98788,T4d,5391.8
108349,T4d,5392.0
10037,VS,5392.0
16545,Li28,5392.0
92706,T4a,5392.5
66325,Tm3,5392.599999999999
92047,T4c,5392.599999999999
92939,T4b,5392.8
15019,Li28,5393.000000000001
54885,TmY3,5393.2
80302,T2a,5393.2
92114,T4c,5393.400000000001
101772,Tm3,5393.7
10016,HSE,5393.7
10112,VS,5393.900000000001
92996,T4a,5393.900000000001
34356,Mi1,5394.5
19292,Li28,5394.6
15909,Li28,5394.900000000001
35840,Mi1,5394.900000000001
90049,T4c,5395.2
95458,T4d,5395.2
97231,T4a,5395.5
16033,Li28,5395.599999999999
34057,Mi1,5395.700000000001
10025,H2,5395.700000000001
36540,Mi1,5396.0
33907,Mi1,5396.2
91469,T4c,5396.900000000001
97028,T4c,5398.000000000001
34189,Mi1,5398.2
33462,Mi1,5398.400000000001
53065,Mi1,5398.400000000001
112744,T4d,5398.900000000001
65671,Mi1,5399.1
55976,Mi1,5399.4
56564,Mi1,5399.500000000001
36252,Mi1,5399.7
11981,Li28,5399.8
15263,Li28,5399.8
37000,Mi1,5399.900000000001
59397,Mi1,5400.1
33446,Mi1,5400.3
33655,Mi1,5400.5
51122,Mi1,5400.599999999999
63420,Mi1,5400.599999999999
34369,Mi1,5401.3
35770,Mi1,5401.400000000001
98985,T4c,5401.7
35498,Mi1,5401.7
10015,HSN,5401.7
17280,Li28,5401.7
34849,Mi1,5401.7
35836,Mi1,5401.8
34045,Mi1,5402.0
77383,T2a,5402.0
94624,T4a,5402.200000000001
52328,TmY3,5402.8
37948,Mi1,5402.900000000001
54087,Mi1,5402.900000000001
14209,Li28,5403.3
38479,Mi1,5403.400000000001
23047,Li28,5403.8
89290,T4d,5403.8
34479,Mi1,5403.9
83365,T2a,5403.9
94305,T4a,5403.9
41809,Mi1,5404.0
34862,Mi1,5404.1
100867,T4b,5404.1
74023,T2a,5404.2
99663,T4c,5404.2
102791,T4c,5404.3
16596,Li28,5404.4
20264,Li28,5404.4
35017,Mi1,5404.4
50333,TmY3,5404.799999999999
88625,T4c,5404.799999999999
104257,T4b,5404.799999999999
35405,Mi1,5405.0
97872,T4d,5405.099999999999
66808,Tm3,5405.200000000001
75521,T2a,5405.200000000001
17596,Li28,5405.3
39158,Mi1,5405.6
42119,Mi1,5405.700000000001
16545,Li28,5406.2
91283,T4c,5406.2
66214,T2a,5406.400000000001
38767,Mi1,5406.5
37019,Mi1,5406.8
15019,Li28,5407.4
15909,Li28,5407.4
79257,Tm3,5407.7
101215,T4c,5407.7
105718,T4b,5408.0
34356,Mi1,5408.8
32893,Mi1,5409.1
97899,T4a,5409.3
10112,VS,5409.400000000001
16033,Li28,5409.400000000001
19292,Li28,5409.8
35840,Mi1,5410.4
34057,Mi1,5410.5
33907,Mi1,5410.7
101772,Tm3,5410.8
109598,T4b,5411.0
36540,Mi1,5411.3
33462,Mi1,5411.8
92431,T4a,5411.9
36252,Mi1,5413.0
34189,Mi1,5413.3
69380,Tm3,5413.5
55976,Mi1,5413.9
65671,Mi1,5414.000000000001
56564,Mi1,5414.2
11981,Li28,5414.400000000001
53065,Mi1,5414.5
59397,Mi1,5414.5
47368,TmY3,5414.900000000001
91469,T4c,5415.0
15263,Li28,5415.200000000001
35498,Mi1,5415.200000000001
37000,Mi1,5415.200000000001
33655,Mi1,5415.3
69597,Tm3,5415.4
34369,Mi1,5415.500000000001
51122,Mi1,5415.6
35770,Mi1,5415.7
117662,T4d,5415.8
63420,Mi1,5415.8
34849,Mi1,5415.900000000001
92047,T4c,5416.1
35836,Mi1,5416.2
105698,T4c,5416.2
17280,Li28,5416.700000000001
14209,Li28,5417.1
98099,T4b,5417.400000000001
54087,Mi1,5417.6
15909,Li28,5417.7
98381,T4d,5417.900000000001
51231,TmY3,5418.0
79271,T4a,5418.200000000001
23047,Li28,5418.4
16596,Li28,5418.5
74228,Tm3,5418.5
35017,Mi1,5418.6
35405,Mi1,5418.7
97675,T4c,5418.7
20264,Li28,5418.9
106952,T4b,5418.9
16545,Li28,5419.0
99423,T4d,5419.0
91806,T4a,5419.2
73828,Tm3,5419.2
95883,T4a,5419.400000000001
34479,Mi1,5419.599999999999
83979,T4a,5419.9
98887,T4b,5419.9
37948,Mi1,5420.1
17596,Li28,5420.2
42119,Mi1,5420.3
15019,Li28,5420.4
34045,Mi1,5420.6
107442,T4d,5421.3
532850,Tm3,5421.3
38767,Mi1,5421.6
101043,T4c,5421.700000000001
45005,TmY3,5421.8
92706,T4a,5421.9
98788,T4d,5421.9
41809,Mi1,5422.000000000001
33446,Mi1,5422.1
92114,T4c,5422.1
93750,T4c,5422.400000000001
109142,T4b,5422.6
34356,Mi1,5422.8
117627,Tm3,5422.900000000001
50333,TmY3,5422.900000000001
110646,T4b,5422.900000000001
99922,T4c,5423.0
75848,T2a,5423.1
16033,Li28,5423.4
71161,T2a,5423.7
35840,Mi1,5424.1
34057,Mi1,5424.400000000001
39158,Mi1,5424.400000000001
38479,Mi1,5424.5
33907,Mi1,5424.599999999999
34862,Mi1,5424.700000000001
19292,Li28,5425.1
36540,Mi1,5425.900000000001
96295,T4b,5426.3
37019,Mi1,5426.7
36252,Mi1,5426.9
66808,Tm3,5427.0
33462,Mi1,5427.1
10015,HSN,5427.400000000001
98300,T4a,5427.599999999999
15909,Li28,5427.700000000001
59397,Mi1,5428.0
34189,Mi1,5428.0
89368,T4c,5428.2
55976,Mi1,5428.5
65671,Mi1,5428.7
32893,Mi1,5429.0
37000,Mi1,5429.3
56564,Mi1,5429.400000000001
103479,T4c,5429.400000000001
51122,Mi1,5429.5
108349,T4d,5429.5
34369,Mi1,5429.700000000001
53065,Mi1,5429.8
85126,T4a,5430.000000000001
15263,Li28,5430.1
11981,Li28,5430.3
35498,Mi1,5430.3
35836,Mi1,5430.3
35770,Mi1,5430.6
61401,T2a,5430.900000000001
63420,Mi1,5431.0
33655,Mi1,5431.3
102791,T4c,5431.6
104257,T4b,5431.6
34849,Mi1,5431.6
94305,T4a,5431.6
17280,Li28,5431.8
14209,Li28,5431.900000000001
89434,T4c,5432.1
35017,Mi1,5432.2
35405,Mi1,5432.2
90049,T4c,5432.3
54087,Mi1,5432.400000000001
16545,Li28,5432.5
76524,Tm3,5432.5
10037,VS,5432.599999999999
16596,Li28,5432.9
10025,H2,5432.9
94624,T4a,5433.1
20264,Li28,5433.2
118924,Tm3,5433.2
101383,T4b,5433.3
23047,Li28,5433.5
74023,T2a,5433.5
108307,T4b,5433.8
37948,Mi1,5433.900000000001
91444,T4c,5434.0
122308,Tm3,5434.0
75521,T2a,5434.200000000001
15019,Li28,5434.6
42119,Mi1,5434.6
95458,T4d,5434.7
38767,Mi1,5434.8
34479,Mi1,5435.1
116716,T4b,5435.400000000001
17596,Li28,5435.599999999999
99663,T4c,5435.599999999999
68522,T2a,5435.700000000001
71052,T2a,5435.9
93566,T4a,5435.9
101772,Tm3,5436.1
34045,Mi1,5436.2
86686,T4c,5436.3
16033,Li28,5436.7
97231,T4a,5436.8
34356,Mi1,5436.900000000001
88625,T4c,5436.900000000001
101873,T4b,5436.900000000001
52328,TmY3,5437.1
97171,T4d,5437.3
77383,T2a,5437.700000000001
97899,T4a,5437.700000000001
34057,Mi1,5437.8
33446,Mi1,5437.8
95822,T4b,5437.9
35840,Mi1,5438.2
91469,T4c,5438.2
41809,Mi1,5438.5
92842,T4a,5438.5
33907,Mi1,5438.7
100867,T4b,5438.8
15909,Li28,5439.200000000001
10112,VS,5439.500000000001
92939,T4b,5439.500000000001
19292,Li28,5439.6
10016,HSE,5439.7
36540,Mi1,5439.900000000001
92047,T4c,5439.900000000001
39158,Mi1,5440.0
36252,Mi1,5440.400000000001
92431,T4a,5440.700000000001
34862,Mi1,5441.1
112744,T4d,5441.1
37019,Mi1,5441.5
69380,Tm3,5441.6
38479,Mi1,5441.7
47368,TmY3,5441.8
33462,Mi1,5441.900000000001
34189,Mi1,5441.900000000001
95681,T4a,5442.099999999999
37000,Mi1,5442.200000000001
55976,Mi1,5442.7
59397,Mi1,5442.8
56564,Mi1,5443.2
35498,Mi1,5443.5
11981,Li28,5443.700000000001
10015,HSN,5443.9
35836,Mi1,5444.0
34369,Mi1,5444.0
98381,T4d,5444.1
65671,Mi1,5444.3
35770,Mi1,5444.4
92706,T4a,5444.4
53065,Mi1,5444.5
51122,Mi1,5444.7
66808,Tm3,5444.8
32893,Mi1,5445.0
33655,Mi1,5445.0
34849,Mi1,5445.1
54885,TmY3,5445.400000000001
17280,Li28,5445.5
54087,Mi1,5445.700000000001
83365,T2a,5445.9
89290,T4d,5446.000000000001
16545,Li28,5446.2
102462,T4c,5446.3
63420,Mi1,5446.5
14209,Li28,5446.7
91283,T4c,5446.7
98985,T4c,5446.7
114391,T4d,5446.8
95005,T4a,5446.900000000001
35405,Mi1,5446.900000000001
15263,Li28,5447.0
16596,Li28,5447.0
80302,T2a,5447.0
35017,Mi1,5447.099999999999
95883,T4a,5447.7
76325,T2a,5447.8
20264,Li28,5448.0
50333,TmY3,5448.0
97675,T4c,5448.2
15019,Li28,5448.5
79271,T4a,5448.700000000001
37948,Mi1,5448.700000000001
42119,Mi1,5448.700000000001
38767,Mi1,5448.9
105718,T4b,5448.9
23047,Li28,5449.0
92114,T4c,5449.0
15909,Li28,5449.6
90465,T4a,5449.7
79257,Tm3,5449.8
17596,Li28,5449.8
83979,T4a,5449.900000000001
34479,Mi1,5449.900000000001
16033,Li28,5450.5
34045,Mi1,5450.6
98668,T4a,5450.6
34356,Mi1,5450.7
91806,T4a,5450.8
101215,T4c,5450.8
51231,TmY3,5450.9
35840,Mi1,5451.1
109536,T4d,5451.700000000001
34057,Mi1,5451.8
97028,T4c,5452.0
104858,T4b,5452.3
33446,Mi1,5452.500000000001
33907,Mi1,5453.1
94305,T4a,5453.1
41809,Mi1,5453.3
10016,HSE,5453.5
19292,Li28,5453.5
73807,Tm3,5454.000000000001
36540,Mi1,5454.1
10015,HSN,5454.7
33462,Mi1,5454.8
96295,T4b,5455.0
37000,Mi1,5455.4
36252,Mi1,5455.7
55976,Mi1,5455.7
99922,T4c,5455.900000000001
39158,Mi1,5456.0
34862,Mi1,5456.1
74228,Tm3,5456.1
34189,Mi1,5456.2
110646,T4b,5456.400000000001
65671,Mi1,5456.5
37019,Mi1,5456.9
35836,Mi1,5457.0
98099,T4b,5457.0
35498,Mi1,5457.6
38479,Mi1,5458.0
11981,Li28,5458.099999999999
53065,Mi1,5458.099999999999
34369,Mi1,5458.200000000001
56564,Mi1,5458.200000000001
59397,Mi1,5458.8
91469,T4c,5459.0
94624,T4a,5459.2
16545,Li28,5459.299999999999
51122,Mi1,5459.5
35770,Mi1,5459.599999999999
33655,Mi1,5459.9
34849,Mi1,5459.9
74023,T2a,5460.0
104257,T4b,5460.0
17280,Li28,5460.500000000001
89368,T4c,5460.900000000001
73284,T2a,5461.1
54087,Mi1,5461.2
99628,T4b,5461.3
35405,Mi1,5461.400000000001
63420,Mi1,5461.400000000001
87424,T4d,5461.400000000001
14209,Li28,5461.6
15909,Li28,5461.700000000001
32893,Mi1,5461.8
95364,T4d,5461.9
10025,H2,5462.1
16596,Li28,5462.1
91682,T4b,5462.1
101772,Tm3,5462.2
15263,Li28,5462.2
35017,Mi1,5462.400000000001
20264,Li28,5462.6
15019,Li28,5462.7
69597,Tm3,5462.7
66325,Tm3,5462.900000000001
98887,T4b,5463.099999999999
107442,T4d,5463.200000000001
16033,Li28,5463.3
37948,Mi1,5463.4
23047,Li28,5463.500000000001
92996,T4a,5463.7
38767,Mi1,5463.7
75521,T2a,5463.8
17596,Li28,5464.1
42119,Mi1,5464.1
34356,Mi1,5465.400000000001
34479,Mi1,5465.5
34057,Mi1,5465.6
47368,TmY3,5465.8
34045,Mi1,5466.099999999999
19292,Li28,5466.200000000001
33446,Mi1,5466.200000000001
109142,T4b,5466.3
97899,T4a,5466.3
98788,T4d,5466.4
116129,T4b,5466.6
100787,T4b,5467.1
99663,T4c,5467.299999999999
117627,Tm3,5467.299999999999
33907,Mi1,5467.400000000001
73096,T2a,5467.599999999999
35840,Mi1,5467.700000000001
89434,T4c,5467.8
73828,Tm3,5467.9
41809,Mi1,5467.9
92431,T4a,5468.1
37000,Mi1,5468.500000000001
77480,Tm3,5468.500000000001
33462,Mi1,5468.8
66214,T2a,5468.8
10112,VS,5469.0
93750,T4c,5469.0
92047,T4c,5469.1
103022,T4a,5469.1
109598,T4b,5469.2
36540,Mi1,5469.5
95883,T4a,5469.6
92706,T4a,5469.6
65671,Mi1,5469.9
98300,T4a,5469.9
10037,VS,5470.5
36252,Mi1,5470.5
66808,Tm3,5470.6
71052,T2a,5470.6
39158,Mi1,5470.7
45005,TmY3,5470.900000000001
35498,Mi1,5471.0
55976,Mi1,5471.099999999999
34189,Mi1,5471.099999999999
34862,Mi1,5471.3
35836,Mi1,5471.3
50333,TmY3,5471.3
34369,Mi1,5471.7
74373,Tm3,5471.7
53065,Mi1,5472.0
37019,Mi1,5472.1
93566,T4a,5472.1
15909,Li28,5472.2
11981,Li28,5472.5
108307,T4b,5472.599999999999
38479,Mi1,5472.599999999999
85126,T4a,5472.8
51122,Mi1,5473.0
56564,Mi1,5473.0
16545,Li28,5473.1
33655,Mi1,5473.2
75848,T2a,5473.3
97231,T4a,5473.5
102791,T4c,5473.5
10015,HSN,5473.6
92939,T4b,5473.8
91444,T4c,5474.0
102016,T4a,5474.0
35770,Mi1,5474.099999999999
59397,Mi1,5474.099999999999
34849,Mi1,5474.3
77383,T2a,5474.4
88625,T4c,5474.4
101005,T4d,5474.8
16596,Li28,5474.9
10016,HSE,5475.1
35405,Mi1,5475.2
17280,Li28,5475.2
63420,Mi1,5475.299999999999
95458,T4d,5475.299999999999
100867,T4b,5475.299999999999
91806,T4a,5475.400000000001
54087,Mi1,5475.599999999999
103479,T4c,5475.700000000001
105698,T4c,5475.8
16033,Li28,5476.0
32893,Mi1,5476.1
106952,T4b,5476.200000000001
97675,T4c,5476.200000000001
118924,Tm3,5476.500000000001
98985,T4c,5476.6
15263,Li28,5476.7
102462,T4c,5476.8
532850,Tm3,5477.0
35017,Mi1,5477.0
38767,Mi1,5477.0
20264,Li28,5477.400000000001
79345,T2a,5477.5
10025,H2,5477.5
69380,Tm3,5477.6
37948,Mi1,5477.700000000001
15019,Li28,5477.9
109649,T4c,5477.9
14209,Li28,5477.9
23047,Li28,5478.1
83979,T4a,5478.1
95822,T4b,5478.1
95453,T4a,5478.2
42119,Mi1,5478.3
90049,T4c,5478.6
17596,Li28,5478.7
92114,T4c,5478.8
34479,Mi1,5479.099999999999
34356,Mi1,5479.200000000001
34057,Mi1,5479.3
95681,T4a,5479.500000000001
83365,T2a,5479.6
33446,Mi1,5479.7
19292,Li28,5479.900000000001
34045,Mi1,5480.1
112744,T4d,5480.400000000001
99423,T4d,5480.599999999999
91469,T4c,5480.700000000001
101685,T4b,5480.700000000001
122308,Tm3,5481.4
97028,T4c,5481.4
35840,Mi1,5481.5
41809,Mi1,5481.5
37000,Mi1,5481.900000000001
15909,Li28,5482.7
83689,T4a,5482.7
33907,Mi1,5482.9
33462,Mi1,5483.0
98099,T4b,5483.1
71161,T2a,5483.2
36540,Mi1,5484.1
61401,T2a,5484.200000000001
35836,Mi1,5484.3
65671,Mi1,5484.3
34189,Mi1,5484.6
35498,Mi1,5485.1
36252,Mi1,5485.1
53065,Mi1,5485.1
55976,Mi1,5485.2
56564,Mi1,5485.5
34369,Mi1,5485.8
38479,Mi1,5485.8
16545,Li28,5486.2
11981,Li28,5486.3
37019,Mi1,5486.400000000001
10015,HSN,5486.8
34862,Mi1,5486.900000000001
39158,Mi1,5486.900000000001
94305,T4a,5487.0
104257,T4b,5487.099999999999
51122,Mi1,5487.3
99922,T4c,5487.3
34849,Mi1,5487.4
98381,T4d,5487.5
97899,T4a,5487.6
54885,TmY3,5487.7
101215,T4c,5487.8
101772,Tm3,5487.8
33655,Mi1,5487.900000000001
105718,T4b,5488.2
79271,T4a,5488.400000000001
89290,T4d,5488.400000000001
35770,Mi1,5488.599999999999
94624,T4a,5488.700000000001
92842,T4a,5488.9
116716,T4b,5489.0
16033,Li28,5489.1
103639,T4d,5489.2
59397,Mi1,5489.3
16596,Li28,5489.4
35405,Mi1,5489.4
66808,Tm3,5489.4
78561,Tm3,5489.5
51231,TmY3,5489.6
76325,T2a,5489.6
52328,TmY3,5489.7
67719,T2a,5489.7
69597,Tm3,5489.900000000001
74023,T2a,5489.900000000001
63420,Mi1,5489.900000000001
86686,T4c,5490.0
17280,Li28,5490.099999999999
36533,Mi1,5490.200000000001
32893,Mi1,5490.4
95005,T4a,5490.4
76524,Tm3,5490.6
35017,Mi1,5490.8
92431,T4a,5490.8
79257,Tm3,5491.0
20264,Li28,5491.1
54087,Mi1,5491.1
15263,Li28,5491.2
37948,Mi1,5491.400000000001
58862,Mi1,5491.6
73586,Tm3,5491.8
89434,T4c,5491.900000000001
17596,Li28,5492.1
38767,Mi1,5492.1
47368,TmY3,5492.1
90465,T4a,5492.1
104191,T4a,5492.1
108349,T4d,5492.1
42119,Mi1,5492.200000000001
15019,Li28,5492.3
23047,Li28,5492.500000000001
34356,Mi1,5492.500000000001
36217,Mi1,5492.500000000001
14209,Li28,5492.8
10016,HSE,5493.0
34057,Mi1,5493.400000000001
19292,Li28,5493.5
33446,Mi1,5493.5
15909,Li28,5493.700000000001
95883,T4a,5493.700000000001
34933,Mi1,5493.8
50333,TmY3,5493.9
34479,Mi1,5494.1
98668,T4a,5494.1
36954,Mi1,5494.3
92706,T4a,5494.3
33942,Mi1,5494.400000000001
34045,Mi1,5494.5
36446,Mi1,5494.7
97872,T4d,5494.7
35840,Mi1,5495.0
75521,T2a,5495.0
92047,T4c,5495.200000000001
10112,VS,5495.4
37000,Mi1,5495.6
96295,T4b,5495.7
98887,T4b,5495.7
41809,Mi1,5496.0
109598,T4b,5496.0
10015,HSN,5496.5
93566,T4a,5496.5
99663,T4c,5496.8
33907,Mi1,5497.1
91469,T4c,5497.1
104858,T4b,5497.2
56564,Mi1,5497.2
33462,Mi1,5497.2
49324,Mi1,5497.2
122233,Tm3,5497.6
74231,Tm3,5497.900000000001
10037,VS,5498.099999999999
83227,Tm3,5498.6
94179,T4a,5498.6
35498,Mi1,5498.7
97161,T4a,5498.7
36252,Mi1,5498.8
98300,T4a,5498.9
65671,Mi1,5498.9
11981,Li28,5499.0
53065,Mi1,5499.0
10023,HSS,5499.2
34189,Mi1,5499.3
35836,Mi1,5499.400000000001
16545,Li28,5499.5
55976,Mi1,5499.5
97231,T4a,5500.200000000001
34849,Mi1,5500.6
110646,T4b,5500.6
61659,Tm3,5500.7
34369,Mi1,5500.7
36540,Mi1,5500.8
38479,Mi1,5500.8
91682,T4b,5501.0
47962,TmY3,5501.1
94287,T4d,5501.1
51122,Mi1,5501.2
34862,Mi1,5501.599999999999
39158,Mi1,5501.700000000001
10025,H2,5501.8
88625,T4c,5501.9
97171,T4d,5501.9
37019,Mi1,5502.2
33655,Mi1,5502.3
91806,T4a,5502.400000000001
71052,T2a,5502.5
91283,T4c,5502.8
95458,T4d,5502.900000000001
92114,T4c,5502.900000000001
100867,T4b,5503.0
102791,T4c,5503.099999999999
16033,Li28,5503.099999999999
107442,T4d,5503.3
54211,TmY3,5503.4
16596,Li28,5503.5
106952,T4b,5503.5
15909,Li28,5503.6
98985,T4c,5503.6
35405,Mi1,5503.7
59397,Mi1,5503.8
85126,T4a,5503.8
103022,T4a,5504.0
117662,T4d,5504.1
98788,T4d,5504.2
69380,Tm3,5504.2
92939,T4b,5504.3
89368,T4c,5504.400000000001
17280,Li28,5504.5
35770,Mi1,5504.5
65513,T2a,5504.5
10015,HSN,5504.700000000001
10016,HSE,5504.700000000001
15263,Li28,5504.8
104257,T4b,5504.8
66325,Tm3,5504.9
83979,T4a,5505.0
80302,T2a,5505.0
32893,Mi1,5505.1
63420,Mi1,5505.1
104297,T4a,5505.1
15019,Li28,5505.6
101043,T4c,5505.6
77383,T2a,5505.900000000001
95822,T4b,5505.900000000001
97899,T4a,5505.900000000001
37948,Mi1,5506.0
38767,Mi1,5506.0
20264,Li28,5506.099999999999
54087,Mi1,5506.200000000001
108307,T4b,5506.3
34356,Mi1,5506.4
35017,Mi1,5506.5
105698,T4c,5506.8
102462,T4c,5506.9
17596,Li28,5507.0
19292,Li28,5507.3
73284,T2a,5507.3
93750,T4c,5507.3
75848,T2a,5507.400000000001
34057,Mi1,5507.400000000001
109142,T4b,5507.5
14209,Li28,5507.6
33446,Mi1,5507.8
42119,Mi1,5508.3
97675,T4c,5508.4
23047,Li28,5508.7
37000,Mi1,5508.7
96090,T4c,5508.7
34479,Mi1,5508.8
122308,Tm3,5508.8
35840,Mi1,5508.900000000001
66980,T2a,5509.1
92996,T4a,5509.2
104683,T4b,5509.2
111184,T4a,5509.5
34045,Mi1,5509.9
66808,Tm3,5510.2
93972,T4a,5510.2
99950,T4c,5510.6
10037,VS,5510.7
36533,Mi1,5510.7
33462,Mi1,5510.7
95681,T4a,5510.8
41809,Mi1,5510.8
90121,T4b,5511.3
68522,T2a,5511.4
36217,Mi1,5511.6
100680,T4d,5511.7
56564,Mi1,5511.8
58862,Mi1,5511.8
116129,T4b,5511.900000000001
34933,Mi1,5512.1
36446,Mi1,5512.1
33907,Mi1,5512.1
91444,T4c,5512.2
65671,Mi1,5512.400000000001
11981,Li28,5512.599999999999
16545,Li28,5512.599999999999
112321,T4d,5512.599999999999
83365,T2a,5512.8
101383,T4b,5512.9
35498,Mi1,5512.9
35836,Mi1,5513.2
94624,T4a,5513.3
33942,Mi1,5513.3
36954,Mi1,5513.5
36252,Mi1,5513.5
10015,HSN,5513.5
34189,Mi1,5513.7
53065,Mi1,5513.900000000001
55976,Mi1,5514.0
36540,Mi1,5514.099999999999
114391,T4d,5514.099999999999
10025,H2,5514.4
15909,Li28,5514.5
94305,T4a,5514.9
97028,T4c,5514.9
38479,Mi1,5514.9
49324,Mi1,5515.0
34862,Mi1,5515.1
10112,VS,5515.5
34849,Mi1,5515.5
79271,T4a,5515.6
89434,T4c,5515.7
16033,Li28,5516.0
101772,Tm3,5516.0
93419,T4b,5516.3
34369,Mi1,5516.4
51122,Mi1,5516.4
92431,T4a,5516.6
33655,Mi1,5516.7
39158,Mi1,5516.7
127615,Tm3,5516.7
85737,T2a,5517.1
89290,T4d,5517.1
59397,Mi1,5517.3
74023,T2a,5517.3
68562,T2a,5517.5
16596,Li28,5517.599999999999
37019,Mi1,5517.8
10016,HSE,5518.1
99628,T4b,5518.400000000001
35405,Mi1,5518.7
105718,T4b,5518.7
47368,TmY3,5519.0
95335,T4a,5519.099999999999
98381,T4d,5519.200000000001
17280,Li28,5519.3
73828,Tm3,5519.4
92706,T4a,5519.5
87424,T4d,5519.5
38767,Mi1,5519.5
71161,T2a,5519.5
35770,Mi1,5519.5
15263,Li28,5519.5
37948,Mi1,5519.5
63420,Mi1,5519.8
34356,Mi1,5520.0
35017,Mi1,5520.0
45005,TmY3,5520.0
54087,Mi1,5520.1
69793,T2a,5520.1
107170,T4b,5520.2
32893,Mi1,5520.2
20264,Li28,5520.3
118924,Tm3,5520.5
15019,Li28,5520.700000000001
14209,Li28,5520.8
66214,T2a,5520.8
34057,Mi1,5521.1
95005,T4a,5521.6
17596,Li28,5521.8
19292,Li28,5522.0
91469,T4c,5522.0
33446,Mi1,5522.200000000001
109857,T4d,5522.5
117627,Tm3,5522.6
92281,T4c,5522.7
42119,Mi1,5522.8
35840,Mi1,5523.000000000001
34045,Mi1,5523.1
34479,Mi1,5523.1
37000,Mi1,5523.1
99922,T4c,5523.5
74228,Tm3,5523.7
33462,Mi1,5524.0
10037,VS,5524.0
10015,HSN,5524.1
23047,Li28,5524.200000000001
92047,T4c,5524.200000000001
99131,T4c,5524.3
15909,Li28,5524.500000000001
98887,T4b,5524.500000000001
112744,T4d,5524.500000000001
69597,Tm3,5524.6
50333,TmY3,5524.8
56564,Mi1,5524.900000000001
108349,T4d,5525.400000000001
41809,Mi1,5525.400000000001
95883,T4a,5525.5
75521,T2a,5525.8
65671,Mi1,5525.9
36446,Mi1,5525.9
16545,Li28,5526.000000000001
36533,Mi1,5526.3
104368,T4c,5526.400000000001
35498,Mi1,5526.7
100787,T4b,5526.7
83689,T4a,5526.8
33907,Mi1,5527.0
11981,Li28,5527.099999999999
34933,Mi1,5527.200000000001
36252,Mi1,5527.3
36217,Mi1,5527.3
36540,Mi1,5527.7
34189,Mi1,5527.8
55976,Mi1,5528.1
58862,Mi1,5528.2
16033,Li28,5528.3
35836,Mi1,5528.5
38479,Mi1,5528.5
53065,Mi1,5528.599999999999
51231,TmY3,5528.599999999999
33942,Mi1,5528.8
34862,Mi1,5529.1
102016,T4a,5529.4
34849,Mi1,5529.6
36954,Mi1,5529.7
66808,Tm3,5529.799999999999
96295,T4b,5529.799999999999
49324,Mi1,5530.0
78561,Tm3,5530.099999999999
34369,Mi1,5530.3
91806,T4a,5530.3
99663,T4c,5530.3
102741,T4c,5530.5
72558,T2a,5530.5
39158,Mi1,5530.700000000001
59397,Mi1,5530.700000000001
54885,TmY3,5531.1
10112,VS,5531.3
16596,Li28,5531.3
103022,T4a,5531.3
51122,Mi1,5531.400000000001
88625,T4c,5531.400000000001
102519,T4a,5531.5
532850,Tm3,5531.6
109598,T4b,5531.6
98300,T4a,5531.6
97899,T4a,5531.6
33655,Mi1,5531.900000000001
92114,T4c,5531.900000000001
86686,T4c,5532.0
37019,Mi1,5532.4
102791,T4c,5532.4
17280,Li28,5532.500000000001
93566,T4a,5532.7
90465,T4a,5532.900000000001
98985,T4c,5533.0
37948,Mi1,5533.0
85126,T4a,5533.2
95458,T4d,5533.2
104257,T4b,5533.2
34356,Mi1,5533.3
35405,Mi1,5533.599999999999
89368,T4c,5533.599999999999
10025,H2,5533.700000000001
35770,Mi1,5533.700000000001
35017,Mi1,5534.000000000001
20264,Li28,5534.1
63420,Mi1,5534.2
54087,Mi1,5534.3
38767,Mi1,5534.400000000001
94305,T4a,5534.400000000001
103479,T4c,5534.400000000001
34057,Mi1,5534.5
92842,T4a,5534.5
10015,HSN,5534.6
109649,T4c,5534.6
32893,Mi1,5534.7
15263,Li28,5534.8
83979,T4a,5535.099999999999
10016,HSE,5535.200000000001
98099,T4b,5535.5
15909,Li28,5535.6
101215,T4c,5536.0
15019,Li28,5536.1
93750,T4c,5536.1
97675,T4c,5536.1
19292,Li28,5536.3
65298,T2a,5536.400000000001
17596,Li28,5536.599999999999
14209,Li28,5536.8
69380,Tm3,5536.9
107442,T4d,5536.9
52328,TmY3,5536.9
33446,Mi1,5537.0
90049,T4c,5537.0
10023,HSS,5537.1
37000,Mi1,5537.1
98668,T4a,5537.1
34045,Mi1,5537.6
42119,Mi1,5537.6
74231,Tm3,5537.6
33462,Mi1,5537.7
97853,T4c,5537.7
91682,T4b,5537.799999999999
34479,Mi1,5537.900000000001
23047,Li28,5538.200000000001
35840,Mi1,5538.200000000001
56564,Mi1,5538.3
97028,T4c,5538.400000000001
91283,T4c,5539.1
71052,T2a,5539.400000000001
16545,Li28,5539.6
65671,Mi1,5539.900000000001
41809,Mi1,5540.3
91469,T4c,5540.3
92939,T4b,5540.4
36540,Mi1,5540.4
91444,T4c,5540.4
97231,T4a,5540.8
11981,Li28,5541.1
89434,T4c,5541.1
91057,T4c,5541.1
16033,Li28,5541.400000000001
33907,Mi1,5541.5
36446,Mi1,5541.599999999999
77480,Tm3,5541.599999999999
34189,Mi1,5542.000000000001
36533,Mi1,5542.1
34933,Mi1,5542.2
36252,Mi1,5542.3
38479,Mi1,5542.3
35498,Mi1,5542.6
53065,Mi1,5542.6
88992,T4c,5542.6
92047,T4c,5542.7
102462,T4c,5542.7
58862,Mi1,5542.8
55976,Mi1,5542.900000000001
108307,T4b,5543.0
73284,T2a,5543.0
35836,Mi1,5543.4
33942,Mi1,5543.5
34849,Mi1,5543.6
34862,Mi1,5543.6
77383,T2a,5543.8
94624,T4a,5544.0
104858,T4b,5544.1
59397,Mi1,5544.3
101772,Tm3,5544.400000000001
36217,Mi1,5544.5
42006,TmY3,5545.0
39158,Mi1,5545.1
74023,T2a,5545.1
36954,Mi1,5545.3
95822,T4b,5545.3
95883,T4a,5545.3
10015,HSN,5545.4
34369,Mi1,5545.4
89290,T4d,5545.5
33655,Mi1,5545.799999999999
49324,Mi1,5545.799999999999
51122,Mi1,5546.1
34356,Mi1,5546.200000000001
104683,T4b,5546.200000000001
105698,T4c,5546.3
116716,T4b,5546.3
16596,Li28,5546.9
110646,T4b,5547.000000000001
37019,Mi1,5547.1
37948,Mi1,5547.1
15909,Li28,5547.2
100867,T4b,5547.5
92431,T4a,5547.7
47368,TmY3,5547.7
65513,T2a,5547.8
20264,Li28,5548.0
35017,Mi1,5548.0
54087,Mi1,5548.0
79257,Tm3,5548.1
99950,T4c,5548.1
35770,Mi1,5548.3
92706,T4a,5548.3
38767,Mi1,5548.4
63420,Mi1,5548.4
32893,Mi1,5548.4
35405,Mi1,5548.7
34057,Mi1,5548.900000000001
17280,Li28,5549.0
68562,T2a,5549.0
109142,T4b,5549.2
94179,T4a,5549.3
15263,Li28,5549.400000000001
81995,Tm3,5549.700000000001
98788,T4d,5549.8
37000,Mi1,5549.9
10025,H2,5550.2
122308,Tm3,5550.5
99011,T4c,5551.0
19292,Li28,5551.099999999999
50333,TmY3,5551.3
56564,Mi1,5551.3
34479,Mi1,5551.4
33446,Mi1,5551.5
66808,Tm3,5551.5
111184,T4a,5551.5
14209,Li28,5551.6
74937,T2a,5551.6
92644,T4d,5551.8
34045,Mi1,5551.9
15019,Li28,5551.9
42119,Mi1,5552.1
66980,T2a,5552.1
104414,T4d,5552.3
67719,T2a,5552.400000000001
17596,Li28,5552.599999999999
96090,T4c,5552.599999999999
33462,Mi1,5552.8
65671,Mi1,5553.0
99922,T4c,5553.1
98887,T4b,5553.2
16545,Li28,5553.2
68982,Tm3,5553.3
75521,T2a,5553.4
41809,Mi1,5553.8
36540,Mi1,5553.900000000001
35840,Mi1,5554.0
23047,Li28,5554.1
10016,HSE,5554.5
79271,T4a,5554.700000000001
93972,T4a,5554.9
33907,Mi1,5555.000000000001
16033,Li28,5555.1
75848,T2a,5555.5
11981,Li28,5555.7
36446,Mi1,5555.7
36252,Mi1,5555.8
97171,T4d,5555.900000000001
97899,T4a,5555.900000000001
112744,T4d,5556.0
34189,Mi1,5556.1
35498,Mi1,5556.1
36533,Mi1,5556.200000000001
97161,T4a,5556.3
37631,Mi1,5556.4
58862,Mi1,5556.500000000001
88625,T4c,5556.500000000001
35836,Mi1,5556.6
55976,Mi1,5556.7
53065,Mi1,5556.8
38479,Mi1,5557.0
83689,T4a,5557.0
34849,Mi1,5557.1
34862,Mi1,5557.3
15909,Li28,5557.5
34933,Mi1,5557.599999999999
33942,Mi1,5557.599999999999
526158,Mi1,5557.8
59397,Mi1,5557.9
55101,Mi1,5558.0
92996,T4a,5558.3
39158,Mi1,5558.5
102791,T4c,5558.6
104257,T4b,5558.7
61401,T2a,5558.7
76524,Tm3,5558.7
98381,T4d,5558.8
83365,T2a,5558.8
71161,T2a,5558.8
99663,T4c,5559.0
10015,HSN,5559.099999999999
37599,Mi1,5559.200000000001
95005,T4a,5559.3
36954,Mi1,5559.3
68842,TmY3,5559.3
66325,Tm3,5559.5
92114,T4c,5559.5
33655,Mi1,5559.5
95681,T4a,5559.9
96576,T4c,5559.9
47962,TmY3,5559.9
34356,Mi1,5560.0
74373,Tm3,5560.0
91806,T4a,5560.2
34369,Mi1,5560.400000000001
49324,Mi1,5560.400000000001
80302,T2a,5560.400000000001
103022,T4a,5560.400000000001
109536,T4d,5560.599999999999
127153,Tm3,5560.9
127615,Tm3,5561.0
37948,Mi1,5561.0
51122,Mi1,5561.3
16596,Li28,5561.4
35405,Mi1,5561.4
69597,Tm3,5561.4
35770,Mi1,5561.5
36217,Mi1,5561.5
69793,T2a,5561.7
54087,Mi1,5561.8
98985,T4c,5561.900000000001
94305,T4a,5561.900000000001
93750,T4c,5562.3
73586,Tm3,5562.3
38767,Mi1,5562.400000000001
91469,T4c,5562.8
32893,Mi1,5562.9
37019,Mi1,5563.000000000001
105718,T4b,5563.000000000001
20264,Li28,5563.1
35017,Mi1,5563.1
37000,Mi1,5563.1
34057,Mi1,5563.2
92281,T4c,5563.2
63420,Mi1,5563.3
106952,T4b,5563.400000000001
10037,VS,5563.5
17280,Li28,5563.5
114391,T4d,5563.5
78422,Tm3,5563.6
87424,T4d,5563.6
83979,T4a,5563.7
101043,T4c,5563.7
76325,T2a,5563.8
33446,Mi1,5563.900000000001
99423,T4d,5564.0
15263,Li28,5564.0
69380,Tm3,5564.099999999999
97675,T4c,5564.099999999999
98300,T4a,5564.099999999999
89434,T4c,5564.7
95335,T4a,5564.8
56564,Mi1,5564.900000000001
92047,T4c,5564.900000000001
97028,T4c,5565.1
10112,VS,5565.2
108349,T4d,5565.2
77991,Tm3,5565.3
42119,Mi1,5565.400000000001
16545,Li28,5565.5
102579,T4b,5565.5
10016,HSE,5565.599999999999
54885,TmY3,5565.599999999999
34045,Mi1,5565.9
73828,Tm3,5565.9
90049,T4c,5566.0
95453,T4a,5566.0
68522,T2a,5566.1
117627,Tm3,5566.2
90121,T4b,5566.2
14209,Li28,5566.2
34479,Mi1,5566.2
65671,Mi1,5566.2
94624,T4a,5566.3
101383,T4b,5566.3
122233,Tm3,5566.3
16033,Li28,5566.5
104191,T4a,5566.7
92842,T4a,5566.8
92706,T4a,5566.8
19292,Li28,5566.8
33462,Mi1,5566.8
15019,Li28,5566.900000000001
95458,T4d,5566.900000000001
95883,T4a,5566.900000000001
96295,T4b,5566.900000000001
15909,Li28,5567.0
41809,Mi1,5567.099999999999
17596,Li28,5567.4
35840,Mi1,5567.7
78968,Tm3,5567.8
51231,TmY3,5567.9
36540,Mi1,5567.9
101005,T4d,5567.9
89368,T4c,5568.1
10015,HSN,5568.1
10023,HSS,5568.3
11981,Li28,5568.400000000001
101215,T4c,5568.400000000001
99628,T4b,5568.5
66808,Tm3,5568.599999999999
102016,T4a,5568.700000000001
91283,T4c,5568.8
23047,Li28,5568.9
66214,T2a,5568.9
93419,T4b,5568.9
36252,Mi1,5569.0
33907,Mi1,5569.0
100787,T4b,5569.1
101772,Tm3,5569.3
34849,Mi1,5569.4
36533,Mi1,5569.4
61659,Tm3,5569.4
109857,T4d,5569.5
108697,T4d,5569.7
35498,Mi1,5569.8
95822,T4b,5569.8
93566,T4a,5569.900000000001
74023,T2a,5569.900000000001
34933,Mi1,5570.1
55976,Mi1,5570.200000000001
94287,T4d,5570.200000000001
95364,T4d,5570.200000000001
36446,Mi1,5570.3
85126,T4a,5570.3
104008,T4b,5570.6
35836,Mi1,5570.700000000001
86686,T4c,5570.700000000001
34189,Mi1,5570.8
97872,T4d,5570.9
10025,H2,5570.9
34862,Mi1,5571.000000000001
38479,Mi1,5571.000000000001
52485,TmY3,5571.000000000001
81401,T4b,5571.000000000001
92939,T4b,5571.000000000001
58862,Mi1,5571.2
77383,T2a,5571.3
45005,TmY3,5571.400000000001
106793,T4d,5571.5
104297,T4a,5571.6
50333,TmY3,5571.6
53065,Mi1,5571.6
88951,Tm3,5571.8
102462,T4c,5572.099999999999
98099,T4b,5572.200000000001
91444,T4c,5572.3
102741,T4c,5572.3
59397,Mi1,5572.4
100867,T4b,5572.4
107442,T4d,5572.4
102519,T4a,5572.500000000001
35580,Mi1,5572.6
34300,Mi1,5572.6
33655,Mi1,5572.7
33942,Mi1,5572.7
74228,Tm3,5572.7
90423,T4b,5572.7
39158,Mi1,5572.8
109598,T4b,5572.8
110646,T4b,5572.900000000001
35218,Mi1,5573.0
116129,T4b,5573.0
92431,T4a,5573.1
47368,TmY3,5573.1
89290,T4d,5573.1
10037,VS,5573.2
71052,T2a,5573.400000000001
35602,Mi1,5573.5
10016,HSE,5573.599999999999
103654,T4b,5573.599999999999
97899,T4a,5573.700000000001
73096,T2a,5573.8
34356,Mi1,5573.8
78561,Tm3,5573.8
98788,T4d,5573.8
107170,T4b,5573.8
34369,Mi1,5574.0
36954,Mi1,5574.0
108307,T4b,5574.5
62272,T2,5574.6
49324,Mi1,5574.6
532850,Tm3,5574.6
65513,T2a,5574.8
37948,Mi1,5574.8
35770,Mi1,5575.0
99131,T4c,5575.0
35405,Mi1,5575.0
85737,T2a,5575.099999999999
91806,T4a,5575.099999999999
118924,Tm3,5575.099999999999
526158,Mi1,5575.099999999999
91682,T4b,5575.200000000001
97231,T4a,5575.4
15909,Li28,5575.5
51122,Mi1,5575.5
55101,Mi1,5575.6
38767,Mi1,5575.9
10112,VS,5575.9
99950,T4c,5576.0
10015,HSN,5576.1
97249,T4d,5576.1
109649,T4c,5576.2
20264,Li28,5576.3
37000,Mi1,5576.3
104257,T4b,5576.3
105698,T4c,5576.3
36994,Mi1,5576.400000000001
74231,Tm3,5576.400000000001
98887,T4b,5576.5
35017,Mi1,5576.5
16545,Li28,5576.599999999999
17280,Li28,5576.599999999999
36217,Mi1,5576.700000000001
16596,Li28,5576.8
34057,Mi1,5576.8
79345,T2a,5576.8
16033,Li28,5576.9
54087,Mi1,5576.9
52328,TmY3,5577.0
73284,T2a,5577.1
35428,Mi1,5577.1
10025,H2,5577.3
10755,H1,5577.3
63420,Mi1,5577.3
65298,T2a,5577.4
104858,T4b,5577.4
37019,Mi1,5577.6
53075,TmY3,5577.6
37631,Mi1,5577.8
92114,T4c,5577.8
32893,Mi1,5577.900000000001
77480,Tm3,5578.2
103639,T4d,5578.3
37599,Mi1,5578.3
103479,T4c,5578.3
42119,Mi1,5578.5
98118,T4c,5578.700000000001
116311,T4d,5578.700000000001
33446,Mi1,5578.8
90465,T4a,5578.9
15263,Li28,5579.000000000001
56564,Mi1,5579.000000000001
39743,Mi1,5579.2
99663,T4c,5579.3
97161,T4a,5579.400000000001
66980,T2a,5579.400000000001
91913,T4b,5579.400000000001
109142,T4b,5579.5
33462,Mi1,5579.7
38893,Mi1,5579.7
65671,Mi1,5579.7
11981,Li28,5579.8
75521,T2a,5579.8
91057,T4c,5580.0
101480,T4c,5580.200000000001
10037,VS,5580.3
101685,T4b,5580.4
34045,Mi1,5580.8
99922,T4c,5580.8
111184,T4a,5580.8
17596,Li28,5581.0
97675,T4c,5581.0
36540,Mi1,5581.1
34479,Mi1,5581.2
91469,T4c,5581.3
122308,Tm3,5581.599999999999
41809,Mi1,5581.599999999999
72955,T2a,5581.8
19292,Li28,5581.9
104683,T4b,5581.9
14209,Li28,5582.0
35840,Mi1,5582.2
34849,Mi1,5582.3
68562,T2a,5582.3
15019,Li28,5582.5
102791,T4c,5582.5
36252,Mi1,5582.900000000001
62340,T2,5582.900000000001
79271,T4a,5583.0
98985,T4c,5583.200000000001
98668,T4a,5583.200000000001
83979,T4a,5583.200000000001
93750,T4c,5583.3
95005,T4a,5583.3
97028,T4c,5583.4
88035,Tm3,5583.7
10025,H2,5583.9
34862,Mi1,5584.0
36446,Mi1,5584.1
112321,T4d,5584.1
55976,Mi1,5584.400000000001
35498,Mi1,5584.5
34933,Mi1,5584.5
33907,Mi1,5584.5
34189,Mi1,5584.5
58862,Mi1,5584.599999999999
36533,Mi1,5584.700000000001
38479,Mi1,5584.9
10016,HSE,5585.0
23047,Li28,5585.0
95883,T4a,5585.2
112744,T4d,5585.3
94179,T4a,5585.4
53065,Mi1,5585.4
10015,HSN,5585.8
92047,T4c,5586.0
83365,T2a,5586.2
99011,T4c,5586.3
10112,VS,5586.400000000001
15909,Li28,5586.400000000001
39158,Mi1,5586.5
89434,T4c,5586.700000000001
59397,Mi1,5586.700000000001
94305,T4a,5586.8
35836,Mi1,5586.8
72558,T2a,5586.9
105574,T4d,5586.9
33655,Mi1,5587.000000000001
97171,T4d,5587.400000000001
98381,T4d,5587.5
49324,Mi1,5587.900000000001
36954,Mi1,5587.900000000001
83067,T4b,5587.900000000001
35845,Mi1,5588.0
33942,Mi1,5588.0
94624,T4a,5588.0
83689,T4a,5588.099999999999
35770,Mi1,5588.099999999999
34356,Mi1,5588.500000000001
34369,Mi1,5588.500000000001
88992,T4c,5588.6
66808,Tm3,5588.8
37000,Mi1,5589.1
37948,Mi1,5589.1
76524,Tm3,5589.1
93972,T4a,5589.1
38767,Mi1,5589.400000000001
102462,T4c,5589.5
35405,Mi1,5589.700000000001
35017,Mi1,5589.700000000001
92839,T4b,5589.8
125171,Tm3,5589.8
35580,Mi1,5590.0
10023,HSS,5590.1
67113,Mi1,5590.1
10037,VS,5590.2
16033,Li28,5590.2
51122,Mi1,5590.3
92644,T4d,5590.400000000001
17280,Li28,5590.6
35602,Mi1,5590.7
34300,Mi1,5590.8
16545,Li28,5590.900000000001
526158,Mi1,5590.900000000001
35218,Mi1,5591.099999999999
88625,T4c,5591.099999999999
34057,Mi1,5591.200000000001
101043,T4c,5591.3
54087,Mi1,5591.4
63420,Mi1,5591.4
105718,T4b,5591.4
20264,Li28,5591.5
37019,Mi1,5591.6
96295,T4b,5591.6
36217,Mi1,5591.8
79257,Tm3,5591.8
98300,T4a,5591.8
16596,Li28,5591.9
55101,Mi1,5591.9
77676,T2a,5592.0
103022,T4a,5592.0
11981,Li28,5592.1
95458,T4d,5592.299999999999
71161,T2a,5592.299999999999
95681,T4a,5592.400000000001
51231,TmY3,5592.400000000001
69597,Tm3,5592.400000000001
33446,Mi1,5592.700000000001
42119,Mi1,5592.8
91283,T4c,5592.8
101215,T4c,5592.8
92706,T4a,5593.0
54885,TmY3,5593.1
81995,Tm3,5593.1
38238,Mi1,5593.3
56564,Mi1,5593.4
92281,T4c,5593.7
36540,Mi1,5593.7
33462,Mi1,5593.8
32893,Mi1,5593.900000000001
47368,TmY3,5594.0
69978,T2,5594.0
75848,T2a,5594.0
114391,T4d,5594.0
10025,H2,5594.1
36410,Mi1,5594.1
104414,T4d,5594.1
65671,Mi1,5594.2
36994,Mi1,5594.2
37631,Mi1,5594.400000000001
10015,HSN,5594.700000000001
101005,T4d,5594.8
35428,Mi1,5594.9
69380,Tm3,5594.9
97853,T4c,5594.9
69540,TmY3,5595.000000000001
92431,T4a,5595.000000000001
15263,Li28,5595.1
34479,Mi1,5595.2
92996,T4a,5595.400000000001
34045,Mi1,5595.400000000001
37599,Mi1,5595.400000000001
101772,Tm3,5595.5
41809,Mi1,5595.6
34849,Mi1,5595.8
50333,TmY3,5595.8
122233,Tm3,5595.8
17596,Li28,5595.900000000001
93688,T4a,5596.0
90049,T4c,5596.3
15909,Li28,5596.4
15019,Li28,5596.4
10016,HSE,5596.6
14209,Li28,5596.7
35840,Mi1,5596.8
39743,Mi1,5596.8
42006,TmY3,5596.8
19292,Li28,5596.900000000001
89368,T4c,5596.900000000001
38893,Mi1,5597.0
36446,Mi1,5597.1
34189,Mi1,5597.400000000001
91469,T4c,5597.599999999999
95822,T4b,5597.700000000001
96090,T4c,5597.8
34862,Mi1,5597.9
34933,Mi1,5597.9
36252,Mi1,5597.9
86686,T4c,5598.0
23047,Li28,5598.1
33907,Mi1,5598.1
58862,Mi1,5598.1
97899,T4a,5598.2
10112,VS,5598.5
85126,T4a,5598.6
35498,Mi1,5598.8
77383,T2a,5598.8
55976,Mi1,5598.900000000001
78108,T2a,5598.900000000001
98788,T4d,5599.0
38479,Mi1,5599.099999999999
73807,Tm3,5599.200000000001
106952,T4b,5599.200000000001
69793,T2a,5599.3
92939,T4b,5599.4
36533,Mi1,5599.6
53065,Mi1,5599.6
92114,T4c,5599.7
117627,Tm3,5600.1
87390,T2a,5600.2
39158,Mi1,5600.299999999999
110988,T4a,5600.299999999999
102741,T4c,5600.400000000001
59397,Mi1,5600.5
91806,T4a,5600.700000000001
93419,T4b,5601.0
35836,Mi1,5601.1
124490,Tm3,5601.1
74023,T2a,5601.200000000001
49324,Mi1,5601.200000000001
104257,T4b,5601.200000000001
10037,VS,5601.200000000001
35770,Mi1,5601.200000000001
70800,Tm3,5601.3
110646,T4b,5601.6
127615,Tm3,5601.6
91444,T4c,5601.7
37000,Mi1,5601.8
83227,Tm3,5601.8
36954,Mi1,5601.900000000001
92842,T4a,5601.900000000001
104368,T4c,5602.0
33655,Mi1,5602.3
99663,T4c,5602.3
89290,T4d,5602.5
93566,T4a,5602.6
109598,T4b,5602.700000000001
34356,Mi1,5602.8
38767,Mi1,5602.8
91682,T4b,5603.000000000001
99423,T4d,5603.000000000001
37948,Mi1,5603.1
71052,T2a,5603.1
16033,Li28,5603.5
34369,Mi1,5603.6
87424,T4d,5603.7
54211,TmY3,5603.7
10015,HSN,5603.7
16545,Li28,5603.7
35017,Mi1,5603.7
90121,T4b,5603.8
91057,T4c,5603.900000000001
105698,T4c,5603.900000000001
35405,Mi1,5604.0
76325,T2a,5604.099999999999
117662,T4d,5604.099999999999
102579,T4b,5604.3
100867,T4b,5604.4
102791,T4c,5604.500000000001
33942,Mi1,5604.6
37019,Mi1,5604.7
95335,T4a,5604.7
34057,Mi1,5605.0
80302,T2a,5605.0
97675,T4c,5605.0
35845,Mi1,5605.1
54087,Mi1,5605.2
75521,T2a,5605.3
94368,T4a,5605.400000000001
11981,Li28,5605.400000000001
51122,Mi1,5605.400000000001
35580,Mi1,5605.5
55101,Mi1,5605.5
10025,H2,5605.599999999999
63420,Mi1,5605.599999999999
16596,Li28,5605.700000000001
20264,Li28,5605.700000000001
94305,T4a,5605.700000000001
98887,T4b,5605.8
17280,Li28,5606.0
15909,Li28,5606.0
36217,Mi1,5606.2
94624,T4a,5606.2
97231,T4a,5606.2
111184,T4a,5606.2
99628,T4b,5606.4
103160,T4a,5606.4
526158,Mi1,5606.4
97028,T4c,5606.5
35602,Mi1,5606.6
107105,T4d,5606.7
89139,T4c,5606.7
35218,Mi1,5606.7
34300,Mi1,5606.8
107211,T4d,5606.8
109857,T4d,5606.8
49372,TmY3,5607.0
77991,Tm3,5607.0
33446,Mi1,5607.099999999999
36540,Mi1,5607.200000000001
93750,T4c,5607.3
67113,Mi1,5607.4
92047,T4c,5607.5
56564,Mi1,5607.6
42119,Mi1,5607.7
65671,Mi1,5607.7
98099,T4b,5607.7
32893,Mi1,5608.0
108349,T4d,5608.0
33462,Mi1,5608.299999999999
74937,T2a,5608.400000000001
104858,T4b,5608.5
10016,HSE,5608.5
116129,T4b,5608.900000000001
107442,T4d,5608.900000000001
34849,Mi1,5608.900000000001
34479,Mi1,5609.0
112744,T4d,5609.200000000001
47368,TmY3,5609.3
100787,T4b,5609.500000000001
73284,T2a,5609.6
104297,T4a,5609.6
35428,Mi1,5609.7
41809,Mi1,5609.900000000001
68522,T2a,5610.0
89434,T4c,5610.1
10112,VS,5610.1
37631,Mi1,5610.1
95883,T4a,5610.2
15263,Li28,5610.3
103654,T4b,5610.3
72558,T2a,5610.400000000001
101480,T4c,5610.400000000001
83979,T4a,5610.5
35840,Mi1,5610.5
66808,Tm3,5610.5
68562,T2a,5610.6
15019,Li28,5610.8
78561,Tm3,5611.000000000001
34862,Mi1,5611.1
36994,Mi1,5611.1
47962,TmY3,5611.1
17596,Li28,5611.2
33907,Mi1,5611.2
98668,T4a,5611.2
10206,VS,5611.400000000001
34045,Mi1,5611.400000000001
102519,T4a,5611.400000000001
122308,Tm3,5611.5
34189,Mi1,5611.5
14209,Li28,5611.6
38238,Mi1,5611.8
107170,T4b,5611.8
19292,Li28,5611.900000000001
36410,Mi1,5611.900000000001
67719,T2a,5611.900000000001
95364,T4d,5611.900000000001
37599,Mi1,5612.0
108307,T4b,5612.0
58862,Mi1,5612.099999999999
61659,Tm3,5612.200000000001
55976,Mi1,5612.200000000001
10037,VS,5612.3
10015,HSN,5612.4
10023,HSS,5612.4
38479,Mi1,5612.500000000001
34933,Mi1,5612.6
35498,Mi1,5612.6
97161,T4a,5612.6
74725,T2a,5612.8
39743,Mi1,5612.900000000001
102016,T4a,5612.900000000001
109631,T4b,5612.900000000001
109536,T4d,5613.0
23047,Li28,5613.0
36252,Mi1,5613.0
36446,Mi1,5613.2
98985,T4c,5613.2
59397,Mi1,5613.3
36533,Mi1,5613.599999999999
38893,Mi1,5613.599999999999
95005,T4a,5613.599999999999
104683,T4b,5613.599999999999
39158,Mi1,5613.700000000001
53065,Mi1,5614.1
10025,H2,5614.1
99011,T4c,5614.3
91469,T4c,5614.4
102462,T4c,5614.4
96134,T4b,5614.8
72955,T2a,5614.900000000001
90423,T4b,5615.0
101685,T4b,5615.0
36452,Mi1,5615.099999999999
98381,T4d,5615.099999999999
37000,Mi1,5615.200000000001
37948,Mi1,5615.3
74373,Tm3,5615.5
88625,T4c,5615.5
71398,Tm3,5615.6
10016,HSE,5615.7
35770,Mi1,5615.7
79271,T4a,5615.7
99131,T4c,5615.7
101772,Tm3,5615.7
35836,Mi1,5615.8
49324,Mi1,5616.0
74231,Tm3,5616.0
16033,Li28,5616.0
34369,Mi1,5616.0
15909,Li28,5616.2
34356,Mi1,5616.3
16545,Li28,5616.400000000001
64579,T2,5616.5
98118,T4c,5616.5
36954,Mi1,5616.6
33942,Mi1,5616.8
94179,T4a,5616.8
97899,T4a,5616.8
35017,Mi1,5617.0
92993,Tm3,5617.0
127153,Tm3,5617.1
81401,T4b,5617.1
10755,H1,5617.3
37019,Mi1,5617.3
99950,T4c,5617.500000000001
37568,Mi1,5617.6
33655,Mi1,5617.7
38767,Mi1,5617.7
39275,Mi1,5617.7
101215,T4c,5617.900000000001
35405,Mi1,5618.1
100018,T4a,5618.1
112993,T4b,5618.2
65513,T2a,5618.3
109649,T4c,5618.3
65298,T2a,5618.400000000001
34057,Mi1,5618.6
54087,Mi1,5618.6
11981,Li28,5618.700000000001
92706,T4a,5618.700000000001
52485,TmY3,5618.8
107719,T4b,5618.9
104191,T4a,5619.000000000001
104008,T4b,5619.000000000001
95822,T4b,5619.000000000001
34899,Mi1,5619.1
79646,Tm3,5619.1
101005,T4d,5619.1
20264,Li28,5619.2
34079,Mi1,5619.2
36540,Mi1,5619.2
36217,Mi1,5619.3
68982,Tm3,5619.3
83689,T4a,5619.3
108438,T4d,5619.3
101383,T4b,5619.400000000001
35602,Mi1,5619.5
92431,T4a,5619.6
51122,Mi1,5619.8
63420,Mi1,5619.900000000001
96295,T4b,5619.900000000001
17280,Li28,5620.0
74228,Tm3,5620.0
10015,HSN,5620.099999999999
16596,Li28,5620.099999999999
108697,T4d,5620.200000000001
96576,T4c,5620.3
52328,TmY3,5620.3
35580,Mi1,5620.3
50333,TmY3,5620.3
35845,Mi1,5620.4
56564,Mi1,5620.4
95681,T4a,5620.4
33446,Mi1,5620.6
72279,Mi1,5620.6
110403,T4b,5620.8
10025,H2,5621.1
66980,T2a,5621.2
55101,Mi1,5621.2
10112,VS,5621.599999999999
35100,Mi1,5621.700000000001
35218,Mi1,5621.700000000001
100032,T4c,5621.700000000001
526158,Mi1,5621.700000000001
95453,T4a,5621.8
65671,Mi1,5621.9
91806,T4a,5621.9
35152,Mi1,5622.0
93527,T4a,5622.3
34300,Mi1,5622.3
32893,Mi1,5622.4
42119,Mi1,5622.4
33462,Mi1,5622.5
34479,Mi1,5622.7
89368,T4c,5622.7
93972,T4a,5622.7
99922,T4c,5622.7
98300,T4a,5623.0
118924,Tm3,5623.0
40026,TmY3,5623.099999999999
109142,T4b,5623.200000000001
103022,T4a,5623.200000000001
101620,T4b,5623.200000000001
67113,Mi1,5623.200000000001
34849,Mi1,5623.200000000001
69597,Tm3,5623.200000000001
35840,Mi1,5623.4
68842,TmY3,5623.4
94305,T4a,5623.4
107609,T4d,5623.4
105718,T4b,5623.5
122233,Tm3,5623.5
10037,VS,5623.6
54885,TmY3,5623.6
101043,T4c,5623.7
10016,HSE,5623.7
35428,Mi1,5624.2
41809,Mi1,5624.2
71161,T2a,5624.5
97171,T4d,5624.5
51231,TmY3,5624.6
37631,Mi1,5624.700000000001
78968,Tm3,5624.700000000001
67150,T2a,5624.8
15263,Li28,5624.8
96090,T4c,5624.900000000001
92281,T4c,5625.0
66214,T2a,5625.0
75848,T2a,5625.1
92644,T4d,5625.1
33907,Mi1,5625.200000000001
36994,Mi1,5625.200000000001
34189,Mi1,5625.4
92939,T4b,5625.4
88992,T4c,5625.6
34862,Mi1,5625.7
83365,T2a,5625.7
58862,Mi1,5625.900000000001
97675,T4c,5626.0
35498,Mi1,5626.1
73096,T2a,5626.1
36446,Mi1,5626.2
85126,T4a,5626.2
14209,Li28,5626.400000000001
34933,Mi1,5626.400000000001
55976,Mi1,5626.5
69380,Tm3,5626.5
92114,T4c,5626.5
90465,T4a,5626.6
532850,Tm3,5626.6
34045,Mi1,5626.6
17596,Li28,5626.6
15019,Li28,5626.700000000001
15909,Li28,5626.700000000001
23047,Li28,5626.700000000001
38238,Mi1,5626.700000000001
107143,T4d,5626.700000000001
38479,Mi1,5626.8
36533,Mi1,5626.9
19292,Li28,5627.1
37599,Mi1,5627.2
16545,Li28,5627.3
39158,Mi1,5627.3
96126,T4b,5627.3
10025,H2,5627.400000000001
10023,HSS,5627.5
36410,Mi1,5627.6
38893,Mi1,5627.6
59397,Mi1,5627.6
99663,T4c,5627.7
47368,TmY3,5627.7
93419,T4b,5627.7
10015,HSN,5627.7
36252,Mi1,5627.7
43334,TmY3,5627.8
16033,Li28,5627.900000000001
92047,T4c,5628.0
112633,T4b,5628.0
89290,T4d,5628.099999999999
104257,T4b,5628.099999999999
74023,T2a,5628.4
49324,Mi1,5628.5
91057,T4c,5628.6
97872,T4d,5628.6
53065,Mi1,5628.6
34369,Mi1,5628.900000000001
39743,Mi1,5628.900000000001
35770,Mi1,5629.0
73828,Tm3,5629.0
100946,T4c,5629.1
102741,T4c,5629.1
34356,Mi1,5629.2
97480,T4c,5629.2
37948,Mi1,5629.3
86686,T4c,5629.5
92842,T4a,5629.599999999999
95458,T4d,5629.700000000001
37000,Mi1,5629.700000000001
95239,T4a,5629.700000000001
76524,Tm3,5630.2
35836,Mi1,5630.4
91987,T4c,5630.4
106922,T4c,5630.5
33942,Mi1,5630.7
93566,T4a,5630.7
94743,T4d,5630.8
83067,T4b,5630.900000000001
109593,Tm3,5631.099999999999
35405,Mi1,5631.099999999999
93334,T4b,5631.200000000001
35017,Mi1,5631.4
93750,T4c,5631.4
45005,TmY3,5631.5
91682,T4b,5631.5
106952,T4b,5631.6
125171,Tm3,5631.6
103479,T4c,5631.7
91444,T4c,5631.7
99628,T4b,5631.8
71052,T2a,5631.9
33655,Mi1,5631.9
92839,T4b,5632.0
116716,T4b,5632.1
37019,Mi1,5632.2
94153,T4d,5632.2
105135,T4c,5632.2
98788,T4d,5632.3
66808,Tm3,5632.400000000001
94624,T4a,5632.5
36217,Mi1,5632.6
73586,Tm3,5632.6
11981,Li28,5632.700000000001
34057,Mi1,5632.8
10037,VS,5632.900000000001
38767,Mi1,5632.900000000001
81995,Tm3,5632.900000000001
87390,T2a,5633.0
102579,T4b,5633.0
36954,Mi1,5633.1
110646,T4b,5633.1
91283,T4c,5633.200000000001
75521,T2a,5633.200000000001
111184,T4a,5633.4
114391,T4d,5633.4
90121,T4b,5633.4
36540,Mi1,5633.6
83979,T4a,5633.6
91469,T4c,5633.6
10016,HSE,5633.8
20264,Li28,5633.8
51122,Mi1,5633.8
54087,Mi1,5633.8
90049,T4c,5633.8
117627,Tm3,5633.900000000001
109598,T4b,5633.900000000001
107240,T4b,5634.0
98887,T4b,5634.1
10025,H2,5634.2
10112,VS,5634.2
35602,Mi1,5634.2
100867,T4b,5634.3
98837,T4c,5634.400000000001
92415,T4a,5634.599999999999
56564,Mi1,5634.700000000001
55101,Mi1,5634.700000000001
97231,T4a,5634.8
35845,Mi1,5634.8
95883,T4a,5634.8
101772,Tm3,5634.9
35580,Mi1,5635.000000000001
36452,Mi1,5635.000000000001
63420,Mi1,5635.000000000001
16596,Li28,5635.1
100680,T4d,5635.400000000001
526158,Mi1,5635.5
17280,Li28,5635.7
33446,Mi1,5635.7
104297,T4a,5635.8
98099,T4b,5635.8
39275,Mi1,5635.8
42119,Mi1,5635.8
77480,Tm3,5635.900000000001
35218,Mi1,5635.900000000001
32893,Mi1,5636.200000000001
34849,Mi1,5636.200000000001
10755,H1,5636.200000000001
15909,Li28,5636.200000000001
37568,Mi1,5636.200000000001
65671,Mi1,5636.3
33462,Mi1,5636.3
94755,T4a,5636.3
34300,Mi1,5636.4
34479,Mi1,5636.7
101215,T4c,5636.7
97028,T4c,5636.900000000001
82855,Tm3,5637.1
104858,T4b,5637.1
10015,HSN,5637.5
69980,Tm3,5637.5
97853,T4c,5637.5
67113,Mi1,5637.700000000001
92431,T4a,5637.700000000001
95005,T4a,5637.700000000001
34079,Mi1,5637.8
50333,TmY3,5637.9
34899,Mi1,5638.0
79257,Tm3,5638.0
35428,Mi1,5638.1
72558,T2a,5638.2
112744,T4d,5638.3
35840,Mi1,5638.5
71475,Tm3,5638.5
89434,T4c,5638.6
41809,Mi1,5638.7
72279,Mi1,5638.8
33907,Mi1,5638.8
37631,Mi1,5638.8
34189,Mi1,5638.900000000001
34862,Mi1,5638.900000000001
35100,Mi1,5638.900000000001
35152,Mi1,5638.900000000001
16033,Li28,5639.0
93688,T4a,5639.0
102791,T4c,5639.0
83227,Tm3,5639.099999999999
16545,Li28,5639.200000000001
73284,T2a,5639.3
35498,Mi1,5639.4
77383,T2a,5639.4
36994,Mi1,5639.6
58862,Mi1,5639.6
101480,T4c,5639.7
15263,Li28,5639.9
87424,T4d,5639.9
68562,T2a,5640.0
78422,Tm3,5640.0
112321,T4d,5640.1
97899,T4a,5640.3
72796,Tm3,5640.400000000001
36446,Mi1,5640.5
42006,TmY3,5640.5
103654,T4b,5640.5
55976,Mi1,5640.6
92706,T4a,5640.6
38479,Mi1,5640.8
23047,Li28,5641.0
94368,T4a,5641.1
98381,T4d,5641.1
10025,H2,5641.1
36252,Mi1,5641.1
15019,Li28,5641.200000000001
74937,T2a,5641.200000000001
34933,Mi1,5641.3
35770,Mi1,5641.3
116129,T4b,5641.4
70800,Tm3,5641.4
82639,T2a,5641.4
94356,T4c,5641.4
95335,T4a,5641.4
108307,T4b,5641.500000000001
79271,T4a,5641.500000000001
38238,Mi1,5641.500000000001
39158,Mi1,5641.500000000001
19292,Li28,5641.6
14209,Li28,5641.7
83689,T4a,5641.7
104368,T4c,5641.7
34045,Mi1,5641.8
49372,TmY3,5641.900000000001
111746,Tm3,5641.900000000001
46662,TmY3,5642.0
105698,T4c,5642.0
99423,T4d,5642.0
95822,T4b,5642.0
36533,Mi1,5642.0
17596,Li28,5642.0
90423,T4b,5642.0
37599,Mi1,5642.1
75484,Tm3,5642.1
49324,Mi1,5642.2
66325,Tm3,5642.3
38893,Mi1,5642.400000000001
99011,T4c,5642.400000000001
34369,Mi1,5642.5
94305,T4a,5642.599999999999
59397,Mi1,5642.599999999999
34356,Mi1,5642.700000000001
37948,Mi1,5642.8
62272,T2,5642.8
37000,Mi1,5642.9
53065,Mi1,5643.000000000001
110988,T4a,5643.000000000001
10037,VS,5643.2
36410,Mi1,5643.2
116311,T4d,5643.3
10016,HSE,5643.6
88625,T4c,5643.6
98985,T4c,5643.7
98194,T4d,5643.7
39743,Mi1,5643.8
98118,T4c,5643.8
15909,Li28,5643.900000000001
102462,T4c,5644.0
10023,HSS,5644.099999999999
72955,T2a,5644.099999999999
35836,Mi1,5644.200000000001
33942,Mi1,5644.3
10112,VS,5644.5
91806,T4a,5644.5
97885,T4a,5644.7
97161,T4a,5644.7
35017,Mi1,5644.900000000001
10015,HSN,5645.0
47368,TmY3,5645.2
96295,T4b,5645.400000000001
107442,T4d,5645.400000000001
94287,T4d,5645.5
36217,Mi1,5645.700000000001
127615,Tm3,5645.8
104674,T4a,5645.9
108438,T4d,5645.9
33655,Mi1,5645.9
11981,Li28,5645.9
92114,T4c,5645.9
122233,Tm3,5646.0
44244,TmY3,5646.1
104008,T4b,5646.1
132339,Tm3,5646.1
74231,Tm3,5646.2
92939,T4b,5646.2
122308,Tm3,5646.4
35405,Mi1,5646.5
104257,T4b,5646.7
109868,Tm3,5646.7
99950,T4c,5646.7
75377,T2a,5646.7
80302,T2a,5646.7
94179,T4a,5646.7
37019,Mi1,5646.8
99131,T4c,5646.8
38767,Mi1,5646.900000000001
97675,T4c,5647.099999999999
34057,Mi1,5647.200000000001
102519,T4a,5647.200000000001
51122,Mi1,5647.3
91913,T4b,5647.5
35602,Mi1,5647.6
69540,TmY3,5647.6
95554,T4b,5647.8
36540,Mi1,5648.000000000001
36954,Mi1,5648.1
68982,Tm3,5648.2
92281,T4c,5648.2
109857,T4d,5648.2
95453,T4a,5648.3
66980,T2a,5648.3
91469,T4c,5648.3
16596,Li28,5648.3
47962,TmY3,5648.3
67150,T2a,5648.400000000001
103022,T4a,5648.6
35580,Mi1,5648.7
91057,T4c,5648.7
65671,Mi1,5648.8
20264,Li28,5648.900000000001
36452,Mi1,5649.0
101685,T4b,5649.1
56564,Mi1,5649.1
54087,Mi1,5649.200000000001
55101,Mi1,5649.200000000001
63420,Mi1,5649.3
104414,T4d,5649.3
42119,Mi1,5649.4
108349,T4d,5649.4
16033,Li28,5649.500000000001
35845,Mi1,5649.6
107105,T4d,5649.7
10025,H2,5649.7
109142,T4b,5649.8
34849,Mi1,5649.8
93750,T4c,5649.8
33462,Mi1,5650.1
39275,Mi1,5650.1
96134,T4b,5650.1
89290,T4d,5650.2
95458,T4d,5650.400000000001
10016,HSE,5650.5
33446,Mi1,5650.5
32893,Mi1,5650.599999999999
92644,T4d,5650.599999999999
34479,Mi1,5650.700000000001
16545,Li28,5650.700000000001
95681,T4a,5650.8
104683,T4b,5650.8
526158,Mi1,5650.8
98668,T4a,5651.000000000001
112179,T4b,5651.000000000001
67113,Mi1,5651.1
10015,HSN,5651.2
17280,Li28,5651.2
92996,T4a,5651.2
87358,T4a,5651.3
78561,Tm3,5651.3
35218,Mi1,5651.3
10037,VS,5651.5
37568,Mi1,5651.5
54885,TmY3,5651.5
79646,Tm3,5651.5
107170,T4b,5651.5
10206,VS,5651.6
89368,T4c,5651.6
90278,T4a,5651.7
102741,T4c,5651.8
100787,T4b,5651.8
99922,T4c,5651.8
34300,Mi1,5651.900000000001
40026,TmY3,5651.900000000001
41809,Mi1,5651.900000000001
69380,Tm3,5651.900000000001
35840,Mi1,5652.099999999999
101873,T4b,5652.099999999999
34862,Mi1,5652.3
89139,T4c,5652.3
74023,T2a,5652.5
101005,T4d,5652.6
15909,Li28,5652.6
33907,Mi1,5652.900000000001
78503,T2a,5652.900000000001
85126,T4a,5653.0
10112,VS,5653.1
35428,Mi1,5653.1
35498,Mi1,5653.1
107609,T4d,5653.1
96576,T4c,5653.2
98788,T4d,5653.2
93972,T4a,5653.3
34079,Mi1,5653.400000000001
34899,Mi1,5653.5
95364,T4d,5653.599999999999
93419,T4b,5653.8
35100,Mi1,5653.9
79293,Tm3,5653.9
89434,T4c,5653.9
83365,T2a,5654.0
92047,T4c,5654.0
102016,T4a,5654.0
58862,Mi1,5654.1
36994,Mi1,5654.2
10755,H1,5654.3
92842,T4a,5654.3
34189,Mi1,5654.4
23047,Li28,5654.5
37631,Mi1,5654.6
93527,T4a,5654.6
36533,Mi1,5654.8
39158,Mi1,5654.8
35152,Mi1,5654.900000000001
35770,Mi1,5654.900000000001
10023,HSS,5654.900000000001
15263,Li28,5655.099999999999
34933,Mi1,5655.200000000001
97028,T4c,5655.200000000001
55976,Mi1,5655.3
10025,H2,5655.5
19292,Li28,5655.5
15019,Li28,5655.700000000001
72279,Mi1,5655.700000000001
36446,Mi1,5655.8
36252,Mi1,5655.8
38479,Mi1,5655.8
37000,Mi1,5655.9
38238,Mi1,5655.9
49324,Mi1,5656.000000000001
59397,Mi1,5656.000000000001
69597,Tm3,5656.1
38893,Mi1,5656.1
17596,Li28,5656.2
94624,T4a,5656.2
14209,Li28,5656.400000000001
88698,T4a,5656.400000000001
104858,T4b,5656.400000000001
37948,Mi1,5656.5
66808,Tm3,5656.5
120231,Tm3,5656.5
10016,HSE,5656.6
33942,Mi1,5656.900000000001
96090,T4c,5657.0
99663,T4c,5657.0
95883,T4a,5657.1
96126,T4b,5657.1
37599,Mi1,5657.4
34369,Mi1,5657.500000000001
53065,Mi1,5657.500000000001
107143,T4d,5657.500000000001
77676,T2a,5657.7
34356,Mi1,5657.900000000001
104191,T4a,5658.0
88992,T4c,5658.0
34045,Mi1,5658.0
36410,Mi1,5658.0
10015,HSN,5658.2
39743,Mi1,5658.3
105718,T4b,5658.400000000001
117662,T4d,5658.400000000001
11981,Li28,5658.5
91444,T4c,5658.599999999999
51231,TmY3,5658.8
36217,Mi1,5659.000000000001
35836,Mi1,5659.000000000001
72829,T2a,5659.1
61659,Tm3,5659.1
35017,Mi1,5659.1
100032,T4c,5659.2
105521,T4c,5659.2
65513,T2a,5659.3
90121,T4b,5659.400000000001
98887,T4b,5659.400000000001
101772,Tm3,5659.400000000001
69793,T2a,5659.5
106922,T4c,5659.6
109649,T4c,5659.6
52485,TmY3,5659.6
76325,T2a,5659.7
37019,Mi1,5659.7
33655,Mi1,5659.8
71161,T2a,5659.8
78968,Tm3,5659.8
91987,T4c,5659.8
100867,T4b,5660.0
10037,VS,5660.099999999999
35405,Mi1,5660.099999999999
16545,Li28,5660.200000000001
88152,T4c,5660.200000000001
92431,T4a,5660.200000000001
98300,T4a,5660.3
65298,T2a,5660.3
94743,T4d,5660.3
103425,T4a,5660.4
86686,T4c,5660.5
34057,Mi1,5660.6
98099,T4b,5660.6
50333,TmY3,5660.7
10112,VS,5660.8
73284,T2a,5660.8
110646,T4b,5661.0
106793,T4d,5661.3
99670,T4c,5661.3
35602,Mi1,5661.3
92706,T4a,5661.3
38767,Mi1,5661.400000000001
102479,T4c,5661.400000000001
16033,Li28,5661.700000000001
75521,T2a,5661.700000000001
102579,T4b,5661.700000000001
91682,T4b,5661.8
51122,Mi1,5662.1
101215,T4c,5662.3
36540,Mi1,5662.3
10025,H2,5662.4
101770,T4b,5662.5
102975,T4b,5662.5
95005,T4a,5662.7
56564,Mi1,5662.799999999999
83067,T4b,5662.799999999999
104336,T4b,5662.799999999999
113686,T4d,5662.799999999999
15909,Li28,5663.0
117627,Tm3,5663.0
111184,T4a,5663.200000000001
112744,T4d,5663.200000000001
95356,T4a,5663.200000000001
16596,Li28,5663.200000000001
35580,Mi1,5663.200000000001
65671,Mi1,5663.200000000001
68842,TmY3,5663.3
68522,T2a,5663.400000000001
35845,Mi1,5663.5
67719,T2a,5663.5
10016,HSE,5663.700000000001
42119,Mi1,5663.700000000001
33462,Mi1,5663.8
39275,Mi1,5663.8
54087,Mi1,5664.000000000001
36954,Mi1,5664.000000000001
20264,Li28,5664.1
34479,Mi1,5664.2
34849,Mi1,5664.2
55101,Mi1,5664.3
68982,Tm3,5664.3
63420,Mi1,5664.6
526158,Mi1,5664.6
36452,Mi1,5664.7
93566,T4a,5664.7
32893,Mi1,5664.7
33446,Mi1,5664.7
72558,T2a,5664.7
83979,T4a,5664.8
67113,Mi1,5664.900000000001
35218,Mi1,5665.200000000001
118924,Tm3,5665.3
91283,T4c,5665.4
108065,T4c,5665.500000000001
35840,Mi1,5665.7
34300,Mi1,5666.0
92939,T4b,5666.2
10015,HSN,5666.2
41809,Mi1,5666.2
17280,Li28,5666.3
34862,Mi1,5666.400000000001
71052,T2a,5666.5
35498,Mi1,5666.700000000001
34899,Mi1,5666.9
73828,Tm3,5667.000000000001
91469,T4c,5667.000000000001
107211,T4d,5667.1
52328,TmY3,5667.2
110403,T4b,5667.3
93750,T4c,5667.400000000001
33907,Mi1,5667.400000000001
37568,Mi1,5667.400000000001
92281,T4c,5667.5
34079,Mi1,5667.6
35770,Mi1,5667.6
101480,T4c,5667.6
90049,T4c,5667.7
97853,T4c,5667.7
58862,Mi1,5667.900000000001
81401,T4b,5667.900000000001
101620,T4b,5667.900000000001
97231,T4a,5668.0
77383,T2a,5668.0
45005,TmY3,5668.099999999999
106952,T4b,5668.099999999999
34189,Mi1,5668.3
47368,TmY3,5668.3
109536,T4d,5668.3
90423,T4b,5668.4
100956,T4d,5668.4
35428,Mi1,5668.5
100033,T4c,5668.5
36994,Mi1,5668.6
35100,Mi1,5668.7
39158,Mi1,5668.7
36533,Mi1,5668.9
75848,T2a,5668.9
95822,T4b,5668.9
97171,T4d,5668.9
38238,Mi1,5669.1
68562,T2a,5669.1
37631,Mi1,5669.3
23047,Li28,5669.400000000001
15263,Li28,5669.5
73807,Tm3,5669.5
97899,T4a,5669.5
14209,Li28,5669.599999999999
35152,Mi1,5669.599999999999
38479,Mi1,5669.599999999999
55976,Mi1,5669.599999999999
49324,Mi1,5669.9
97675,T4c,5669.9
92114,T4c,5670.0
34933,Mi1,5670.0
103022,T4a,5670.2
10025,H2,5670.2
59397,Mi1,5670.3
122233,Tm3,5670.3
37948,Mi1,5670.4
77480,Tm3,5670.4
15019,Li28,5670.6
19292,Li28,5670.6
36252,Mi1,5670.6
37000,Mi1,5670.6
33942,Mi1,5670.799999999999
109593,Tm3,5670.799999999999
102462,T4c,5670.900000000001
36446,Mi1,5670.900000000001
36177,Mi1,5671.0
38893,Mi1,5671.0
100946,T4c,5671.200000000001
99011,T4c,5671.3
72279,Mi1,5671.700000000001
94305,T4a,5671.700000000001
17596,Li28,5671.8
125171,Tm3,5671.8
34369,Mi1,5671.9
109598,T4b,5671.9
10112,VS,5671.9
10037,VS,5672.000000000001
53065,Mi1,5672.000000000001
98381,T4d,5672.1
101685,T4b,5672.1
98118,T4c,5672.2
104257,T4b,5672.2
34356,Mi1,5672.400000000001
36410,Mi1,5672.400000000001
11981,Li28,5672.5
16545,Li28,5672.5
102791,T4c,5672.6
33655,Mi1,5672.6
15909,Li28,5672.7
83689,T4a,5672.900000000001
37599,Mi1,5673.0
94755,T4a,5673.0
98985,T4c,5673.0
34045,Mi1,5673.1
70289,Mi1,5673.1
102519,T4a,5673.200000000001
35017,Mi1,5673.200000000001
88625,T4c,5673.3
72194,Tm3,5673.3
37270,Mi1,5673.3
34057,Mi1,5673.4
67150,T2a,5673.4
16033,Li28,5673.500000000001
10016,HSE,5673.7
35836,Mi1,5673.7
36217,Mi1,5673.7
38133,Mi1,5673.7
71475,Tm3,5673.900000000001
39743,Mi1,5674.0
35806,Mi1,5674.0
35405,Mi1,5674.0
10755,H1,5674.0
72955,T2a,5674.1
92839,T4b,5674.1
81995,Tm3,5674.2
35888,Mi1,5674.3
102801,T4b,5674.3
74228,Tm3,5674.400000000001
74231,Tm3,5674.400000000001
64579,T2,5674.700000000001
90465,T4a,5674.8
95453,T4a,5674.9
99628,T4b,5675.000000000001
35602,Mi1,5675.1
37853,Mi1,5675.2
36540,Mi1,5675.3
38767,Mi1,5675.3
91913,T4b,5675.400000000001
87390,T2a,5675.5
103479,T4c,5675.6
92047,T4c,5675.7
96576,T4c,5675.7
37529,Mi1,5675.7
51122,Mi1,5675.7
116129,T4b,5675.8
99950,T4c,5675.900000000001
37019,Mi1,5676.0
61401,T2a,5676.0
66345,T2a,5676.0
89434,T4c,5676.099999999999
114391,T4d,5676.099999999999
10015,HSN,5676.3
95883,T4a,5676.3
65671,Mi1,5676.4
67971,Tm3,5676.5
95239,T4a,5676.6
92644,T4d,5676.6
42119,Mi1,5676.7
34849,Mi1,5676.9
37371,Mi1,5676.9
114817,T4d,5676.9
10023,HSS,5677.0
98194,T4d,5677.0
104858,T4b,5677.0
33462,Mi1,5677.1
79646,Tm3,5677.1
56564,Mi1,5677.2
98887,T4b,5677.3
10025,H2,5677.400000000001
35580,Mi1,5677.400000000001
74023,T2a,5677.400000000001
35845,Mi1,5677.700000000001
37353,Mi1,5677.700000000001
36911,Mi1,5677.8
101043,T4c,5677.8
32893,Mi1,5677.9
69380,Tm3,5677.9
104297,T4a,5678.0
94356,T4c,5678.0
54087,Mi1,5678.0
66808,Tm3,5678.0
16596,Li28,5678.1
39275,Mi1,5678.1
40026,TmY3,5678.1
34479,Mi1,5678.2
103827,T4c,5678.2
94368,T4a,5678.4
102741,T4c,5678.4
96295,T4b,5678.5
91806,T4a,5678.5
55101,Mi1,5678.6
99131,T4c,5678.7
20264,Li28,5678.8
526158,Mi1,5678.8
34296,Mi1,5678.900000000001
67113,Mi1,5678.900000000001
36954,Mi1,5679.0
89368,T4c,5679.0
85737,T2a,5679.1
97028,T4c,5679.200000000001
109142,T4b,5679.200000000001
127615,Tm3,5679.3
91057,T4c,5679.3
33446,Mi1,5679.3
42006,TmY3,5679.6
108307,T4b,5679.6
36452,Mi1,5679.700000000001
85126,T4a,5679.8
104683,T4b,5679.8
63420,Mi1,5679.9
83979,T4a,5679.9
99922,T4c,5679.9
34862,Mi1,5680.3
98788,T4d,5680.5
83365,T2a,5680.5
35840,Mi1,5680.5
15909,Li28,5680.7
79271,T4a,5680.7
35498,Mi1,5680.8
35770,Mi1,5680.8
41809,Mi1,5680.8
35218,Mi1,5680.900000000001
17280,Li28,5681.1
95681,T4a,5681.1
34300,Mi1,5681.200000000001
34899,Mi1,5681.3
35897,Mi1,5681.4
132834,Tm3,5681.4
532850,Tm3,5681.4
35934,Mi1,5681.7
93419,T4b,5681.7
58862,Mi1,5681.8
95554,T4b,5681.900000000001
66214,T2a,5682.0
100787,T4b,5682.0
96090,T4c,5682.2
33907,Mi1,5682.2
10016,HSE,5682.2
69540,TmY3,5682.3
16033,Li28,5682.400000000001
37568,Mi1,5682.400000000001
93688,T4a,5682.400000000001
34079,Mi1,5682.5
37631,Mi1,5682.5
39158,Mi1,5682.5
36994,Mi1,5682.599999999999
104027,T4d,5682.599999999999
38238,Mi1,5682.700000000001
35712,Mi1,5682.8
99423,T4d,5682.9
16545,Li28,5682.9
34189,Mi1,5682.9
49324,Mi1,5683.0
95458,T4d,5683.0
37948,Mi1,5683.2
107442,T4d,5683.2
40854,Mi1,5683.3
23047,Li28,5683.400000000001
35100,Mi1,5683.400000000001
36533,Mi1,5683.400000000001
101772,Tm3,5683.400000000001
14209,Li28,5683.5
59397,Mi1,5683.6
72796,Tm3,5683.6
50333,TmY3,5683.7
51231,TmY3,5683.7
55976,Mi1,5683.7
93972,T4a,5683.7
15263,Li28,5683.900000000001
34933,Mi1,5683.900000000001
112321,T4d,5683.900000000001
111184,T4a,5684.0
97161,T4a,5684.0
37000,Mi1,5684.0
33942,Mi1,5684.0
10025,H2,5684.099999999999
74725,T2a,5684.099999999999
103654,T4b,5684.099999999999
74937,T2a,5684.200000000001
112633,T4b,5684.3
35152,Mi1,5684.4
35428,Mi1,5684.4
96134,T4b,5684.6
95335,T4a,5684.6
92706,T4a,5684.6
11981,Li28,5684.8
30923,TmY3,5684.8
91444,T4c,5685.0
34369,Mi1,5685.1
36446,Mi1,5685.1
83227,Tm3,5685.1
38479,Mi1,5685.2
99387,T4a,5685.2
36252,Mi1,5685.400000000001
37699,Mi1,5685.400000000001
19292,Li28,5685.400000000001
33655,Mi1,5685.400000000001
37037,Mi1,5685.5
99663,T4c,5685.5
15019,Li28,5685.599999999999
35234,Mi1,5685.700000000001
54885,TmY3,5685.700000000001
66980,T2a,5685.700000000001
69980,Tm3,5685.700000000001
109631,T4b,5685.700000000001
93224,T4a,5685.8
10015,HSN,5685.8
38893,Mi1,5685.9
102112,T4c,5685.9
109857,T4d,5685.9
10037,VS,5686.0
102579,T4b,5686.0
102564,T4a,5686.1
10112,VS,5686.1
34356,Mi1,5686.1
53065,Mi1,5686.1
92431,T4a,5686.1
103025,T4a,5686.1
100310,T4d,5686.2
77991,Tm3,5686.3
34045,Mi1,5686.4
72279,Mi1,5686.5
91469,T4c,5686.5
104191,T4a,5686.5
34057,Mi1,5686.6
37599,Mi1,5686.6
89290,T4d,5686.6
36177,Mi1,5686.7
104414,T4d,5686.7
542412,Mi1,5686.8
122308,Tm3,5686.8
36410,Mi1,5686.8
36217,Mi1,5686.8
78503,T2a,5686.900000000001
35017,Mi1,5687.0
94179,T4a,5687.0
74891,T2a,5687.1
93750,T4c,5687.400000000001
98300,T4a,5687.400000000001
101383,T4b,5687.400000000001
17596,Li28,5687.5
101215,T4c,5687.5
90423,T4b,5687.6
73284,T2a,5687.6
107621,T4d,5687.700000000001
35836,Mi1,5687.8
95810,T2a,5687.8
35405,Mi1,5687.9
101480,T4c,5687.9
35602,Mi1,5688.1
36540,Mi1,5688.1
103160,T4a,5688.1
105698,T4c,5688.1
94624,T4a,5688.2
15909,Li28,5688.2
39743,Mi1,5688.3
88152,T4c,5688.3
92281,T4c,5688.400000000001
96126,T4b,5688.400000000001
75521,T2a,5688.6
104942,T4a,5688.6
47368,TmY3,5688.8
108349,T4d,5688.900000000001
38767,Mi1,5689.0
10016,HSE,5689.0
90121,T4b,5689.1
51122,Mi1,5689.1
93334,T4b,5689.200000000001
112179,T4b,5689.200000000001
97675,T4c,5689.3
10206,VS,5689.4
69597,Tm3,5689.4
92415,T4a,5689.500000000001
70800,Tm3,5689.500000000001
112993,T4b,5689.500000000001
43334,TmY3,5689.500000000001
10023,HSS,5689.500000000001
68982,Tm3,5689.500000000001
37019,Mi1,5689.6
38133,Mi1,5689.6
101005,T4d,5689.6
65671,Mi1,5689.7
96163,T4b,5689.7
42119,Mi1,5689.8
70289,Mi1,5689.8
105521,T4c,5689.8
104008,T4b,5690.0
103022,T4a,5690.2
56564,Mi1,5690.3
93025,T4b,5690.400000000001
33462,Mi1,5690.5
94287,T4d,5690.599999999999
98837,T4c,5690.599999999999
99670,T4c,5690.599999999999
10025,H2,5690.700000000001
37270,Mi1,5690.700000000001
93527,T4a,5690.9
116716,T4b,5690.9
92939,T4b,5691.0
108438,T4d,5691.0
72558,T2a,5691.0
94743,T4d,5691.1
34849,Mi1,5691.2
39275,Mi1,5691.3
91682,T4b,5691.3
92047,T4c,5691.3
80302,T2a,5691.400000000001
35806,Mi1,5691.6
94153,T4d,5691.8
111746,Tm3,5691.8
119245,T4d,5691.900000000001
95005,T4a,5691.900000000001
91987,T4c,5691.900000000001
35580,Mi1,5691.900000000001
47962,TmY3,5692.099999999999
86686,T4c,5692.099999999999
91283,T4c,5692.099999999999
54087,Mi1,5692.200000000001
98668,T4a,5692.200000000001
10755,H1,5692.3
32893,Mi1,5692.3
35845,Mi1,5692.3
92996,T4a,5692.4
107609,T4d,5692.6
107170,T4b,5692.6
33446,Mi1,5692.6
97899,T4a,5692.6
16545,Li28,5692.7
97249,T4d,5692.7
16596,Li28,5692.8
100867,T4b,5692.8
107719,T4b,5692.8
55101,Mi1,5692.9
95453,T4a,5692.9
87424,T4d,5693.0
67113,Mi1,5693.0
37853,Mi1,5693.0
10037,VS,5693.0
10015,HSN,5693.0
36452,Mi1,5693.1
117627,Tm3,5693.1
10112,VS,5693.2
36954,Mi1,5693.2
37353,Mi1,5693.2
71398,Tm3,5693.2
92254,T4b,5693.2
89139,T4c,5693.3
78561,Tm3,5693.3
20264,Li28,5693.3
34479,Mi1,5693.3
16033,Li28,5693.400000000001
34862,Mi1,5693.400000000001
83067,T4b,5693.400000000001
526158,Mi1,5693.400000000001
37529,Mi1,5693.599999999999
74373,Tm3,5693.599999999999
35888,Mi1,5693.8
41809,Mi1,5693.8
92114,T4c,5693.8
102016,T4a,5693.9
98099,T4b,5693.9
35498,Mi1,5693.9
95356,T4a,5693.9
104257,T4b,5694.1
35770,Mi1,5694.2
35840,Mi1,5694.2
37371,Mi1,5694.3
74375,Tm3,5694.4
95364,T4d,5694.4
97872,T4d,5694.6
63420,Mi1,5694.6
48547,TmY3,5694.6
92842,T4a,5694.7
73096,T2a,5694.8
112744,T4d,5694.8
10016,HSE,5695.0
34300,Mi1,5695.0
17280,Li28,5695.1
46662,TmY3,5695.1
49372,TmY3,5695.1
90049,T4c,5695.200000000001
99011,T4c,5695.3
93566,T4a,5695.3
36911,Mi1,5695.3
34899,Mi1,5695.400000000001
76325,T2a,5695.400000000001
97885,T4a,5695.400000000001
104354,T4b,5695.400000000001
104674,T4a,5695.400000000001
97853,T4c,5695.6
100033,T4c,5695.700000000001
38238,Mi1,5695.8
58862,Mi1,5695.8
102975,T4b,5695.9
33907,Mi1,5695.9
71052,T2a,5695.9
34296,Mi1,5696.1
15909,Li28,5696.2
35218,Mi1,5696.2
39158,Mi1,5696.2
90278,T4a,5696.3
66808,Tm3,5696.400000000001
110988,T4a,5696.5
10025,H2,5696.5
37948,Mi1,5696.6
37631,Mi1,5696.7
34079,Mi1,5696.8
37000,Mi1,5696.8
106952,T4b,5696.8
37568,Mi1,5696.900000000001
69570,Tm3,5696.900000000001
101620,T4b,5696.900000000001
15263,Li28,5697.099999999999
97231,T4a,5697.099999999999
34189,Mi1,5697.200000000001
109598,T4b,5697.200000000001
115636,T4d,5697.3
36994,Mi1,5697.3
49324,Mi1,5697.4
23047,Li28,5697.500000000001
14209,Li28,5697.6
36533,Mi1,5697.6
55976,Mi1,5697.7
98985,T4c,5697.7
101685,T4b,5697.7
102462,T4c,5697.7
94305,T4a,5698.1
95822,T4b,5698.1
107240,T4b,5698.2
38479,Mi1,5698.2
33942,Mi1,5698.400000000001
34369,Mi1,5698.400000000001
35100,Mi1,5698.400000000001
35934,Mi1,5698.5
59397,Mi1,5698.5
96576,T4c,5698.5
100567,T4d,5698.700000000001
35897,Mi1,5698.700000000001
98887,T4b,5698.700000000001
11981,Li28,5698.700000000001
33655,Mi1,5698.700000000001
89434,T4c,5698.8
104336,T4b,5698.8
117662,T4d,5698.9
122233,Tm3,5698.9
35152,Mi1,5699.1
107211,T4d,5699.1
52328,TmY3,5699.2
10023,HSS,5699.2
36217,Mi1,5699.2
52485,TmY3,5699.3
67150,T2a,5699.5
38893,Mi1,5699.6
40854,Mi1,5699.6
15019,Li28,5699.7
90474,T4b,5699.7
10015,HSN,5699.8
34057,Mi1,5699.8
35017,Mi1,5700.099999999999
102791,T4c,5700.099999999999
34356,Mi1,5700.200000000001
36446,Mi1,5700.200000000001
35712,Mi1,5700.3
116311,T4d,5700.4
78968,Tm3,5700.4
35428,Mi1,5700.4
36252,Mi1,5700.4
19292,Li28,5700.5
36410,Mi1,5700.5
107529,T4d,5700.5
110646,T4b,5700.5
10016,HSE,5700.6
34933,Mi1,5700.6
99292,T4a,5700.7
65513,T2a,5700.7
10206,VS,5700.7
10037,VS,5700.7
10112,VS,5700.8
98118,T4c,5700.8
99628,T4b,5700.9
53065,Mi1,5701.0
72955,T2a,5701.0
120231,Tm3,5701.0
100018,T4a,5701.1
83689,T4a,5701.2
34045,Mi1,5701.2
98654,T4d,5701.400000000001
36540,Mi1,5701.5
66345,T2a,5701.5
93166,T4c,5701.5
93419,T4b,5701.5
37599,Mi1,5701.599999999999
37699,Mi1,5701.599999999999
105718,T4b,5701.599999999999
94356,T4c,5701.700000000001
91913,T4b,5701.700000000001
96090,T4c,5701.700000000001
10025,H2,5701.700000000001
37037,Mi1,5701.700000000001
72279,Mi1,5701.8
74231,Tm3,5701.8
88992,T4c,5701.8
120016,Tm3,5702.0
77676,T2a,5702.1
79271,T4a,5702.1
94755,T4a,5702.1
35602,Mi1,5702.2
95883,T4a,5702.2
97028,T4c,5702.3
35836,Mi1,5702.5
104368,T4c,5702.5
101772,Tm3,5702.6
35405,Mi1,5702.7
36177,Mi1,5702.7
91806,T4a,5702.7
10284,VS,5702.8
17596,Li28,5702.900000000001
65671,Mi1,5702.900000000001
100032,T4c,5703.0
104858,T4b,5703.0
38767,Mi1,5703.1
96295,T4b,5703.200000000001
106922,T4c,5703.200000000001
116129,T4b,5703.3
51122,Mi1,5703.3
93688,T4a,5703.400000000001
69380,Tm3,5703.400000000001
68522,T2a,5703.400000000001
39743,Mi1,5703.400000000001
35234,Mi1,5703.5
42119,Mi1,5703.5
65298,T2a,5703.5
71475,Tm3,5703.6
542412,Mi1,5703.8
98194,T4d,5704.000000000001
103440,T4d,5704.1
56564,Mi1,5704.1
92644,T4d,5704.1
16033,Li28,5704.1
16545,Li28,5704.1
34849,Mi1,5704.2
91057,T4c,5704.2
108697,T4d,5704.2
75377,T2a,5704.3
100946,T4c,5704.400000000001
102519,T4a,5704.400000000001
98381,T4d,5704.5
132339,Tm3,5704.5
88625,T4c,5704.6
83465,T4a,5704.7
50333,TmY3,5704.7
79646,Tm3,5704.7
70289,Mi1,5704.8
91469,T4c,5704.8
93750,T4c,5704.8
33462,Mi1,5704.900000000001
40026,TmY3,5704.900000000001
104297,T4a,5704.900000000001
39275,Mi1,5705.099999999999
89368,T4c,5705.099999999999
15909,Li28,5705.200000000001
92281,T4c,5705.3
68562,T2a,5705.3
10755,H1,5705.3
35845,Mi1,5705.3
77383,T2a,5705.4
79345,T2a,5705.500000000001
127153,Tm3,5705.500000000001
38133,Mi1,5705.6
99663,T4c,5705.6
81401,T4b,5705.8
102741,T4c,5705.8
37270,Mi1,5705.900000000001
36139,Mi1,5705.900000000001
16596,Li28,5706.0
35806,Mi1,5706.0
37019,Mi1,5706.0
54087,Mi1,5706.0
83979,T4a,5706.0
100787,T4b,5706.0
79257,Tm3,5706.1
40596,Mi1,5706.2
88951,Tm3,5706.2
36452,Mi1,5706.3
33446,Mi1,5706.3
35580,Mi1,5706.400000000001
10015,HSN,5706.5
34463,Mi1,5706.5
41545,Mi1,5706.5
47368,TmY3,5706.5
55101,Mi1,5706.5
92082,T4b,5706.5
10016,HSE,5706.700000000001
34862,Mi1,5706.8
34479,Mi1,5706.8
67113,Mi1,5706.9
76524,Tm3,5707.1
35498,Mi1,5707.2
82855,Tm3,5707.2
526158,Mi1,5707.2
10025,H2,5707.3
41809,Mi1,5707.3
62272,T2,5707.3
32893,Mi1,5707.400000000001
104853,T4c,5707.400000000001
31848,Mi1,5707.5
74023,T2a,5707.5
118924,Tm3,5707.6
99131,T4c,5707.6
36954,Mi1,5707.6
85126,T4a,5707.6
78172,TmY3,5707.7
10112,VS,5707.8
78856,Tm3,5707.900000000001
97480,T4c,5707.900000000001
108307,T4b,5708.0
20264,Li28,5708.099999999999
92993,Tm3,5708.099999999999
35770,Mi1,5708.200000000001
41626,Mi1,5708.200000000001
104683,T4b,5708.3
37353,Mi1,5708.4
37853,Mi1,5708.4
101770,T4b,5708.7
109649,T4c,5708.7
111980,T4d,5708.7
35774,Mi1,5708.8
38238,Mi1,5708.8
93527,T4a,5708.8
63420,Mi1,5708.9
87358,T4a,5708.9
10037,VS,5708.9
35888,Mi1,5708.9
37529,Mi1,5709.0
45005,TmY3,5709.0
92706,T4a,5709.0
83365,T2a,5709.1
94368,T4a,5709.1
35840,Mi1,5709.2
37948,Mi1,5709.2
105276,T4d,5709.2
104450,T4a,5709.3
95554,T4b,5709.3
97899,T4a,5709.400000000001
34300,Mi1,5709.400000000001
92431,T4a,5709.5
10023,HSS,5709.599999999999
61659,Tm3,5709.599999999999
109142,T4b,5709.599999999999
73828,Tm3,5709.700000000001
34899,Mi1,5709.8
35218,Mi1,5709.9
58862,Mi1,5709.9
99922,T4c,5709.9
101043,T4c,5709.9
39158,Mi1,5710.0
33907,Mi1,5710.1
36911,Mi1,5710.1
90423,T4b,5710.1
37000,Mi1,5710.2
37371,Mi1,5710.2
110403,T4b,5710.2
109593,Tm3,5710.3
11981,Li28,5710.500000000001
68842,TmY3,5710.6
99950,T4c,5710.6
75484,Tm3,5710.7
17280,Li28,5710.7
100956,T4d,5710.8
103025,T4a,5710.8
36994,Mi1,5710.900000000001
51231,TmY3,5711.0
92839,T4b,5711.0
96134,T4b,5711.0
15263,Li28,5711.1
55976,Mi1,5711.1
106200,T4c,5711.1
34296,Mi1,5711.2
67971,Tm3,5711.3
34189,Mi1,5711.3
37568,Mi1,5711.3
34369,Mi1,5711.400000000001
36533,Mi1,5711.5
97675,T4c,5711.5
69980,Tm3,5711.700000000001
92047,T4c,5711.700000000001
35001,Mi1,5711.8
102388,T4d,5711.8
34079,Mi1,5711.9
14209,Li28,5712.000000000001
49324,Mi1,5712.1
35934,Mi1,5712.2
83204,T4d,5712.2
67719,T2a,5712.3
74228,Tm3,5712.3
33942,Mi1,5712.400000000001
102479,T4c,5712.400000000001
103073,T4a,5712.400000000001
34057,Mi1,5712.5
54885,TmY3,5712.6
111416,Tm3,5712.7
10015,HSN,5712.7
59397,Mi1,5712.7
10016,HSE,5712.8
94624,T4a,5712.8
87390,T2a,5712.900000000001
92939,T4b,5712.900000000001
10025,H2,5713.0
35100,Mi1,5713.0
97171,T4d,5713.099999999999
66325,Tm3,5713.099999999999
98788,T4d,5713.099999999999
35897,Mi1,5713.099999999999
38479,Mi1,5713.099999999999
112633,T4b,5713.200000000001
88698,T4a,5713.200000000001
107442,T4d,5713.200000000001
33655,Mi1,5713.3
36410,Mi1,5713.3
36446,Mi1,5713.3
37631,Mi1,5713.3
93972,T4a,5713.3
97161,T4a,5713.3
106793,T4d,5713.3
71394,T2a,5713.4
101480,T4c,5713.500000000001
90135,T4c,5713.500000000001
35152,Mi1,5713.500000000001
23047,Li28,5713.500000000001
69597,Tm3,5713.500000000001
16545,Li28,5713.6
75848,T2a,5713.6
89290,T4d,5713.6
91444,T4c,5713.6
36217,Mi1,5713.7
15909,Li28,5713.8
38893,Mi1,5713.900000000001
104257,T4b,5714.0
34356,Mi1,5714.0
15019,Li28,5714.1
97784,T4c,5714.1
102579,T4b,5714.1
16033,Li28,5714.2
101215,T4c,5714.2
35017,Mi1,5714.3
65531,T2a,5714.3
120312,Tm3,5714.400000000001
90121,T4b,5714.400000000001
89434,T4c,5714.5
125171,Tm3,5714.599999999999
104191,T4a,5714.599999999999
35712,Mi1,5714.700000000001
53065,Mi1,5714.8
68982,Tm3,5714.8
69978,T2,5714.8
103022,T4a,5714.9
102564,T4a,5714.9
107105,T4d,5714.9
35428,Mi1,5714.9
71161,T2a,5714.9
36252,Mi1,5715.0
95005,T4a,5715.0
10112,VS,5715.0
40854,Mi1,5715.1
95681,T4a,5715.1
54211,TmY3,5715.3
73284,T2a,5715.3
77480,Tm3,5715.3
111184,T4a,5715.3
34933,Mi1,5715.400000000001
36540,Mi1,5715.400000000001
72558,T2a,5715.400000000001
42119,Mi1,5715.6
72279,Mi1,5715.6
35602,Mi1,5715.7
81995,Tm3,5715.8
19292,Li28,5716.0
67150,T2a,5716.0
91682,T4b,5716.0
103425,T4a,5716.0
121170,Tm3,5716.0
65671,Mi1,5716.099999999999
94305,T4a,5716.099999999999
34045,Mi1,5716.200000000001
66808,Tm3,5716.3
106701,T4d,5716.3
99670,T4c,5716.3
51122,Mi1,5716.3
75298,T2a,5716.3
91987,T4c,5716.3
10037,VS,5716.4
35405,Mi1,5716.4
37599,Mi1,5716.4
35234,Mi1,5716.5
95239,T4a,5716.6
101005,T4d,5716.6
94743,T4d,5716.7
37699,Mi1,5716.7
35836,Mi1,5716.7
36177,Mi1,5716.8
98312,T4a,5716.8
72194,Tm3,5716.9
95453,T4a,5717.0
97853,T4c,5717.0
98300,T4a,5717.0
102801,T4b,5717.1
95458,T4d,5717.2
37037,Mi1,5717.3
34849,Mi1,5717.3
103677,T4b,5717.400000000001
39743,Mi1,5717.400000000001
96126,T4b,5717.400000000001
109291,T4d,5717.599999999999
10755,H1,5717.700000000001
17596,Li28,5717.700000000001
38767,Mi1,5717.700000000001
107143,T4d,5717.700000000001
105521,T4c,5717.8
44244,TmY3,5717.9
10015,HSN,5718.0
66604,TmY3,5718.0
532850,Tm3,5718.1
103479,T4c,5718.1
10016,HSE,5718.1
33446,Mi1,5718.200000000001
66980,T2a,5718.200000000001
56564,Mi1,5718.3
10025,H2,5718.4
73586,Tm3,5718.4
98887,T4b,5718.4
83067,T4b,5718.500000000001
88152,T4c,5718.500000000001
108438,T4d,5718.500000000001
113686,T4d,5718.6
70289,Mi1,5718.6
88726,T4b,5718.6
33462,Mi1,5718.7
48986,TmY3,5718.7
69540,TmY3,5718.7
39275,Mi1,5718.8
82515,Tm3,5718.8
99863,T4d,5718.8
100680,T4d,5718.900000000001
75521,T2a,5719.0
103827,T4c,5719.1
90465,T4a,5719.1
35845,Mi1,5719.2
100867,T4b,5719.2
542412,Mi1,5719.2
10023,HSS,5719.400000000001
112775,T4d,5719.6
36452,Mi1,5719.6
95883,T4a,5719.700000000001
109536,T4d,5719.8
35580,Mi1,5719.8
104858,T4b,5719.9
35806,Mi1,5719.9
72148,Tm3,5719.9
98099,T4b,5720.000000000001
10206,VS,5720.1
92114,T4c,5720.1
127615,Tm3,5720.1
34479,Mi1,5720.2
37019,Mi1,5720.2
37270,Mi1,5720.2
93750,T4c,5720.2
55101,Mi1,5720.3
124345,T4d,5720.5
16596,Li28,5720.5
95356,T4a,5720.5
15909,Li28,5720.7
34862,Mi1,5720.7
41809,Mi1,5720.8
94179,T4a,5720.8
99423,T4d,5720.8
38133,Mi1,5720.900000000001
54087,Mi1,5720.900000000001
114391,T4d,5721.0
11981,Li28,5721.0
93566,T4a,5721.0
10112,VS,5721.099999999999
49930,TmY3,5721.099999999999
69793,T2a,5721.4
70812,TmY3,5721.4
101873,T4b,5721.4
101685,T4b,5721.500000000001
32893,Mi1,5721.500000000001
35770,Mi1,5721.500000000001
112179,T4b,5721.500000000001
10037,VS,5721.7
38238,Mi1,5721.900000000001
98118,T4c,5721.900000000001
102975,T4b,5721.900000000001
526158,Mi1,5721.900000000001
35498,Mi1,5722.1
42006,TmY3,5722.2
72796,Tm3,5722.2
37000,Mi1,5722.2
20264,Li28,5722.3
83979,T4a,5722.400000000001
90049,T4c,5722.400000000001
37948,Mi1,5722.5
95364,T4d,5722.5
67113,Mi1,5722.700000000001
16545,Li28,5722.700000000001
36954,Mi1,5722.8
101772,Tm3,5722.8
91934,T4a,5722.9
92996,T4a,5722.9
35888,Mi1,5723.0
90145,T4a,5723.0
112321,T4d,5723.0
10016,HSE,5723.2
66214,T2a,5723.2
71052,T2a,5723.2
99011,T4c,5723.3
37853,Mi1,5723.3
37529,Mi1,5723.3
10015,HSN,5723.400000000001
47962,TmY3,5723.5
48547,TmY3,5723.5
36139,Mi1,5723.6
108065,T4c,5723.6
33907,Mi1,5723.7
35218,Mi1,5723.7
35840,Mi1,5723.7
537004,VSm,5723.7
99672,T4a,5723.8
97028,T4c,5723.8
93935,T4a,5723.8
16033,Li28,5723.8
39158,Mi1,5723.8
37353,Mi1,5723.8
64712,T2a,5723.8
34300,Mi1,5723.900000000001
40596,Mi1,5723.900000000001
93419,T4b,5723.900000000001
34463,Mi1,5724.0
92706,T4a,5724.0
34899,Mi1,5724.099999999999
91283,T4c,5724.200000000001
58862,Mi1,5724.200000000001
74937,T2a,5724.3
99387,T4a,5724.4
37371,Mi1,5724.5
78503,T2a,5724.5
91057,T4c,5724.5
50333,TmY3,5724.6
63420,Mi1,5724.6
109868,Tm3,5724.7
97866,T4d,5724.7
10025,H2,5724.7
34189,Mi1,5724.7
41545,Mi1,5724.7
55976,Mi1,5724.9
71773,T2a,5724.9
102791,T4c,5724.9
106952,T4b,5724.9
36911,Mi1,5725.0
86686,T4c,5725.0
31848,Mi1,5725.1
122233,Tm3,5725.2
101620,T4b,5725.2
36994,Mi1,5725.2
97675,T4c,5725.2
112744,T4d,5725.299999999999
97878,T4b,5725.400000000001
98837,T4c,5725.400000000001
34057,Mi1,5725.5
37568,Mi1,5725.5
49324,Mi1,5725.5
94356,T4c,5725.5
91469,T4c,5725.599999999999
79271,T4a,5725.599999999999
59397,Mi1,5725.599999999999
36533,Mi1,5725.599999999999
15263,Li28,5725.700000000001
95822,T4b,5725.700000000001
34296,Mi1,5725.8
100033,T4c,5725.8
17280,Li28,5726.0
34369,Mi1,5726.0
109857,T4d,5726.0
35934,Mi1,5726.1
88167,T4b,5726.200000000001
104336,T4b,5726.3
14209,Li28,5726.3
122308,Tm3,5726.4
90423,T4b,5726.500000000001
96090,T4c,5726.6
96576,T4c,5726.6
104414,T4d,5726.7
10037,VS,5726.8
41626,Mi1,5726.8
33655,Mi1,5726.900000000001
37631,Mi1,5726.900000000001
83227,Tm3,5727.0
10112,VS,5727.0
34079,Mi1,5727.2
105698,T4c,5727.2
33942,Mi1,5727.3
36446,Mi1,5727.3
100310,T4d,5727.3
101383,T4b,5727.3
107621,T4d,5727.3
48894,TmY3,5727.400000000001
90567,T4b,5727.400000000001
36410,Mi1,5727.400000000001
98381,T4d,5727.5
34356,Mi1,5727.6
36217,Mi1,5727.6
38479,Mi1,5727.700000000001
53065,Mi1,5727.700000000001
35897,Mi1,5727.8
98985,T4c,5727.9
99663,T4c,5727.9
110646,T4b,5727.9
91806,T4a,5728.000000000001
35774,Mi1,5728.000000000001
35017,Mi1,5728.000000000001
36252,Mi1,5728.000000000001
47686,TmY3,5728.1
97899,T4a,5728.1
103654,T4b,5728.1
110988,T4a,5728.1
35100,Mi1,5728.2
90278,T4a,5728.2
81836,T2a,5728.3
35001,Mi1,5728.3
40854,Mi1,5728.3
83689,T4a,5728.3
88992,T4c,5728.3
74231,Tm3,5728.400000000001
10016,HSE,5728.5
10023,HSS,5728.5
102519,T4a,5728.6
87424,T4d,5728.7
35152,Mi1,5728.7
94624,T4a,5728.7
102147,T4c,5728.900000000001
66345,T2a,5728.900000000001
68562,T2a,5728.900000000001
10015,HSN,5728.900000000001
15019,Li28,5728.900000000001
106912,Tm3,5729.0
15909,Li28,5729.099999999999
23047,Li28,5729.099999999999
46662,TmY3,5729.099999999999
84063,T4b,5729.099999999999
102462,T4c,5729.099999999999
74023,T2a,5729.200000000001
39067,Mi1,5729.3
69380,Tm3,5729.4
92431,T4a,5729.500000000001
92415,T4a,5729.500000000001
47368,TmY3,5729.500000000001
38893,Mi1,5729.500000000001
35428,Mi1,5729.6
102425,T4b,5729.7
35602,Mi1,5729.7
36540,Mi1,5729.7
40026,TmY3,5729.7
74927,Tm3,5729.7
124490,Tm3,5729.7
35447,Mi1,5729.8
92281,T4c,5730.0
42119,Mi1,5730.0
10025,H2,5730.0
34045,Mi1,5730.0
35712,Mi1,5730.0
34933,Mi1,5730.1
82500,T2a,5730.2
71475,Tm3,5730.400000000001
91345,T4c,5730.400000000001
96295,T4b,5730.400000000001
108349,T4d,5730.5
65671,Mi1,5730.5
35405,Mi1,5730.5
35836,Mi1,5730.5
51122,Mi1,5730.599999999999
11134,VSm,5730.700000000001
19292,Li28,5730.700000000001
72279,Mi1,5730.700000000001
97231,T4a,5730.8
35234,Mi1,5730.8
93334,T4b,5730.8
117627,Tm3,5730.8
69164,Mi1,5731.0
96774,T4c,5731.0
34849,Mi1,5731.2
89368,T4c,5731.400000000001
37699,Mi1,5731.400000000001
101480,T4c,5731.5
79083,Tm3,5731.6
92644,T4d,5731.6
10755,H1,5731.7
36177,Mi1,5731.7
106922,T4c,5731.7
38767,Mi1,5731.8
88625,T4c,5731.8
93025,T4b,5731.8
97885,T4a,5731.8
91913,T4b,5731.900000000001
61401,T2a,5731.900000000001
39743,Mi1,5731.900000000001
37599,Mi1,5731.900000000001
107719,T4b,5732.099999999999
37037,Mi1,5732.200000000001
56564,Mi1,5732.200000000001
92047,T4c,5732.200000000001
33446,Mi1,5732.3
104257,T4b,5732.3
34867,Mi1,5732.4
67150,T2a,5732.4
94287,T4d,5732.5
54885,TmY3,5732.5
89290,T4d,5732.6
93224,T4a,5732.6
11981,Li28,5732.7
93166,T4c,5732.7
10037,VS,5732.8
35845,Mi1,5732.8
70289,Mi1,5732.8
78561,Tm3,5732.9
99950,T4c,5732.9
17596,Li28,5732.9
39275,Mi1,5732.9
85126,T4a,5733.0
33462,Mi1,5733.2
94153,T4d,5733.2
94755,T4a,5733.2
101215,T4c,5733.2
105718,T4b,5733.2
16545,Li28,5733.299999999999
36452,Mi1,5733.400000000001
98194,T4d,5733.400000000001
80855,Tm3,5733.5
102741,T4c,5733.5
66808,Tm3,5733.6
92842,T4a,5733.700000000001
55101,Mi1,5733.8
65298,T2a,5733.900000000001
104297,T4a,5733.900000000001
34862,Mi1,5734.1
542412,Mi1,5734.1
10112,VS,5734.200000000001
35806,Mi1,5734.200000000001
102016,T4a,5734.200000000001
107609,T4d,5734.200000000001
118924,Tm3,5734.3
100032,T4c,5734.3
35580,Mi1,5734.3
69228,T2a,5734.3
95005,T4a,5734.3
16033,Li28,5734.500000000001
37270,Mi1,5734.500000000001
38238,Mi1,5734.500000000001
10025,H2,5734.6
83465,T4a,5734.8
52328,TmY3,5734.900000000001
54087,Mi1,5734.900000000001
41809,Mi1,5734.900000000001
35770,Mi1,5735.0
90121,T4b,5735.0
102579,T4b,5735.0
10016,HSE,5735.1
99922,T4c,5735.1
107170,T4b,5735.1
10015,HSN,5735.2
37019,Mi1,5735.3
85737,T2a,5735.3
34479,Mi1,5735.400000000001
89139,T4c,5735.6
80302,T2a,5735.6
16596,Li28,5735.700000000001
81401,T4b,5735.700000000001
91987,T4c,5735.700000000001
37000,Mi1,5735.8
38133,Mi1,5735.8
83191,T4a,5735.8
103025,T4a,5735.8
109142,T4b,5735.8
83365,T2a,5735.9
35498,Mi1,5736.000000000001
103657,T4b,5736.2
32893,Mi1,5736.2
10206,VS,5736.3
89434,T4c,5736.3
67113,Mi1,5736.5
92181,T4a,5736.5
93527,T4a,5736.5
100946,T4c,5736.5
111746,Tm3,5736.5
526158,Mi1,5736.6
97872,T4d,5736.7
116311,T4d,5736.7
37948,Mi1,5736.7
68212,T2a,5736.8
94368,T4a,5736.900000000001
30923,TmY3,5737.0
108307,T4b,5737.0
20264,Li28,5737.099999999999
37853,Mi1,5737.099999999999
72938,T2a,5737.099999999999
97161,T4a,5737.099999999999
39158,Mi1,5737.200000000001
15909,Li28,5737.200000000001
99131,T4c,5737.200000000001
95335,T4a,5737.4
33907,Mi1,5737.6
35218,Mi1,5737.6
84008,T4c,5737.6
36139,Mi1,5737.7
36954,Mi1,5737.7
92114,T4c,5737.7
37353,Mi1,5737.8
104674,T4a,5737.8
35888,Mi1,5737.900000000001
59397,Mi1,5738.0
51231,TmY3,5738.0
37371,Mi1,5738.0
78856,Tm3,5738.1
92939,T4b,5738.1
34300,Mi1,5738.2
35840,Mi1,5738.2
40944,Mi1,5738.2
49372,TmY3,5738.2
55976,Mi1,5738.2
93360,T4b,5738.2
98788,T4d,5738.3
98668,T4a,5738.3
83583,T4d,5738.3
79646,Tm3,5738.3
37529,Mi1,5738.3
36994,Mi1,5738.400000000001
67971,Tm3,5738.5
95554,T4b,5738.5
105135,T4c,5738.5
49441,TmY3,5738.700000000001
101770,T4b,5738.8
34463,Mi1,5738.8
98226,T4b,5738.8
33655,Mi1,5738.8
34189,Mi1,5738.8
10025,H2,5738.9
70800,Tm3,5738.9
104450,T4a,5738.9
116716,T4b,5738.9
34899,Mi1,5739.0
94305,T4a,5739.0
98325,T4d,5739.1
34296,Mi1,5739.2
91741,T4d,5739.3
72955,T2a,5739.3
63420,Mi1,5739.3
36911,Mi1,5739.3
34057,Mi1,5739.3
58862,Mi1,5739.4
37568,Mi1,5739.5
40426,Mi1,5739.5
10023,HSS,5739.6
96126,T4b,5739.6
41545,Mi1,5739.7
95681,T4a,5739.7
36533,Mi1,5739.8
31848,Mi1,5739.8
34369,Mi1,5740.099999999999
91682,T4b,5740.099999999999
93688,T4a,5740.099999999999
98887,T4b,5740.099999999999
35934,Mi1,5740.3
49324,Mi1,5740.3
69980,Tm3,5740.4
10037,VS,5740.4
40596,Mi1,5740.4
43334,TmY3,5740.4
91444,T4c,5740.6
34356,Mi1,5740.7
99628,T4b,5740.9
100206,T4c,5740.9
10016,HSE,5740.9
100787,T4b,5741.0
74725,T2a,5741.0
14209,Li28,5741.1
34079,Mi1,5741.1
36446,Mi1,5741.1
103022,T4a,5741.1
33942,Mi1,5741.2
73807,Tm3,5741.2
15263,Li28,5741.3
36410,Mi1,5741.3
35017,Mi1,5741.400000000001
36217,Mi1,5741.400000000001
95883,T4a,5741.5
17280,Li28,5741.5
39692,TmY3,5741.6
97853,T4c,5741.700000000001
33216,Mi1,5741.8
35897,Mi1,5741.8
53065,Mi1,5741.8
75521,T2a,5741.8
10015,HSN,5741.900000000001
96424,T4b,5741.900000000001
41296,Mi1,5742.0
547091,T2,5742.0
36305,Mi1,5742.1
91325,T4a,5742.200000000001
37631,Mi1,5742.3
40854,Mi1,5742.3
93750,T4c,5742.3
36252,Mi1,5742.4
38479,Mi1,5742.4
52485,TmY3,5742.500000000001
72558,T2a,5742.500000000001
93419,T4b,5742.500000000001
104191,T4a,5742.500000000001
41626,Mi1,5742.6
85152,T4c,5742.7
73284,T2a,5742.8
100855,T4a,5742.900000000001
107031,T4b,5742.900000000001
35100,Mi1,5743.0
104942,T4a,5743.0
35001,Mi1,5743.1
93972,T4a,5743.1
102564,T4a,5743.1
38993,Mi1,5743.2
120016,Tm3,5743.3
96134,T4b,5743.3
10025,H2,5743.3
35774,Mi1,5743.3
94179,T4a,5743.3
68982,Tm3,5743.400000000001
35152,Mi1,5743.5
38514,Mi1,5743.5
97675,T4c,5743.5
107529,T4d,5743.6
36540,Mi1,5743.8
78968,Tm3,5743.8
34933,Mi1,5743.8
35602,Mi1,5743.8
71398,Tm3,5743.8
23047,Li28,5743.9
109593,Tm3,5743.9
92839,T4b,5744.000000000001
95458,T4d,5744.000000000001
109631,T4b,5744.000000000001
93865,T4c,5744.1
35836,Mi1,5744.1
42119,Mi1,5744.1
90394,T4a,5744.1
109598,T4b,5744.2
35712,Mi1,5744.2
101772,Tm3,5744.3
15019,Li28,5744.400000000001
15909,Li28,5744.400000000001
35405,Mi1,5744.400000000001
38893,Mi1,5744.400000000001
48986,TmY3,5744.400000000001
74375,Tm3,5744.400000000001
95453,T4a,5744.400000000001
35428,Mi1,5744.5
35234,Mi1,5744.5
16033,Li28,5744.6
34045,Mi1,5744.6
97784,T4c,5744.6
99670,T4c,5744.6
34849,Mi1,5744.7
104858,T4b,5744.7
44119,Mi1,5744.8
65671,Mi1,5744.8
10755,H1,5744.900000000001
88698,T4a,5745.0
94743,T4d,5745.0
11981,Li28,5745.0
84010,Tm3,5745.0
87289,T4a,5745.099999999999
10112,VS,5745.200000000001
47368,TmY3,5745.200000000001
97028,T4c,5745.200000000001
103639,T4d,5745.200000000001
16545,Li28,5745.4
72279,Mi1,5745.4
105521,T4c,5745.4
56564,Mi1,5745.500000000001
39275,Mi1,5745.500000000001
19292,Li28,5745.7
100087,T4b,5745.7
37699,Mi1,5745.8
98300,T4a,5745.8
35447,Mi1,5745.900000000001
77676,T2a,5745.900000000001
91469,T4c,5745.900000000001
99011,T4c,5745.900000000001
116129,T4b,5745.900000000001
39743,Mi1,5746.0
51122,Mi1,5746.1
10016,HSE,5746.1
83979,T4a,5746.3
102975,T4b,5746.3
38238,Mi1,5746.400000000001
92706,T4a,5746.400000000001
33446,Mi1,5746.599999999999
35845,Mi1,5746.599999999999
50333,TmY3,5746.599999999999
69164,Mi1,5746.700000000001
73828,Tm3,5746.700000000001
36177,Mi1,5746.700000000001
37599,Mi1,5746.700000000001
55101,Mi1,5746.8
98654,T4d,5746.8
10023,HSS,5746.9
38767,Mi1,5746.9
65513,T2a,5747.0
101685,T4b,5747.0
34862,Mi1,5747.1
120231,Tm3,5747.2
100956,T4d,5747.3
39067,Mi1,5747.3
127153,Tm3,5747.3
92281,T4c,5747.4
10015,HSN,5747.4
33462,Mi1,5747.5
36452,Mi1,5747.5
68842,TmY3,5747.6
37037,Mi1,5747.7
70289,Mi1,5747.7
104853,T4c,5747.7
10025,H2,5747.8
100319,T4b,5747.8
542412,Mi1,5748.0
37270,Mi1,5748.0
17596,Li28,5748.099999999999
48547,TmY3,5748.099999999999
100867,T4b,5748.099999999999
83067,T4b,5748.200000000001
88726,T4b,5748.200000000001
99663,T4c,5748.200000000001
100033,T4c,5748.200000000001
104683,T4b,5748.3
112619,T4d,5748.4
114817,T4d,5748.5
106701,T4d,5748.5
77383,T2a,5748.5
85074,T4a,5748.5
10037,VS,5748.6
79271,T4a,5748.6
94356,T4c,5748.6
108438,T4d,5748.6
91806,T4a,5748.7
96163,T4b,5748.8
90423,T4b,5748.9
104008,T4b,5749.0
34867,Mi1,5749.2
100282,T4a,5749.3
54087,Mi1,5749.3
10206,VS,5749.400000000001
35580,Mi1,5749.400000000001
35806,Mi1,5749.5
35498,Mi1,5749.6
35770,Mi1,5749.6
41809,Mi1,5749.700000000001
101005,T4d,5749.700000000001
96676,T4b,5749.8
104336,T4b,5749.8
37000,Mi1,5749.8
526158,Mi1,5749.8
104354,T4b,5749.900000000001
102801,T4b,5749.900000000001
99387,T4a,5749.900000000001
88152,T4c,5749.900000000001
16596,Li28,5749.900000000001
76325,T2a,5750.0
37948,Mi1,5750.1
83204,T4d,5750.1
103827,T4c,5750.1
37019,Mi1,5750.200000000001
69597,Tm3,5750.3
82515,Tm3,5750.3
45005,TmY3,5750.4
34479,Mi1,5750.500000000001
59397,Mi1,5750.7
92254,T4b,5750.7
32893,Mi1,5751.0
36139,Mi1,5751.1
37853,Mi1,5751.1
38133,Mi1,5751.1
64579,T2,5751.1
67113,Mi1,5751.1
112744,T4d,5751.2
55976,Mi1,5751.2
20264,Li28,5751.2
39158,Mi1,5751.2
90135,T4c,5751.3
91057,T4c,5751.400000000001
97899,T4a,5751.400000000001
10016,HSE,5751.5
33907,Mi1,5751.6
35888,Mi1,5751.6
37353,Mi1,5751.6
100310,T4d,5751.700000000001
34300,Mi1,5751.700000000001
36954,Mi1,5751.700000000001
10025,H2,5751.9
68522,T2a,5751.9
35218,Mi1,5752.000000000001
90474,T4b,5752.000000000001
103570,T4d,5752.000000000001
86419,Tm3,5752.2
97866,T4d,5752.3
111416,Tm3,5752.3
71402,Tm3,5752.3
92668,T2a,5752.3
112633,T4b,5752.3
83438,T4a,5752.5
73096,T2a,5752.5
35840,Mi1,5752.7
36911,Mi1,5752.7
37371,Mi1,5752.7
71475,Tm3,5752.7
74023,T2a,5752.7
34057,Mi1,5752.8
37529,Mi1,5752.8
111184,T4a,5752.8
122233,Tm3,5752.8
101043,T4c,5752.900000000001
74228,Tm3,5752.900000000001
34899,Mi1,5752.900000000001
15909,Li28,5752.900000000001
37123,Mi1,5753.0
103073,T4a,5753.0
66345,T2a,5753.099999999999
110403,T4b,5753.099999999999
34463,Mi1,5753.200000000001
103677,T4b,5753.4
33655,Mi1,5753.5
38230,Mi1,5753.5
34296,Mi1,5753.5
70524,T2a,5753.6
63420,Mi1,5753.6
10015,HSN,5753.7
31848,Mi1,5753.7
36446,Mi1,5753.7
94624,T4a,5753.7
34189,Mi1,5753.8
40944,Mi1,5753.8
75848,T2a,5753.8
87390,T2a,5753.8
108065,T4c,5753.8
102112,T4c,5753.900000000001
36994,Mi1,5753.900000000001
98985,T4c,5753.900000000001
36533,Mi1,5754.0
61659,Tm3,5754.0
114391,T4d,5754.1
37568,Mi1,5754.1
40596,Mi1,5754.1
92431,T4a,5754.1
87358,T4a,5754.2
97171,T4d,5754.2
34356,Mi1,5754.2
107211,T4d,5754.2
96090,T4c,5754.3
58862,Mi1,5754.3
34369,Mi1,5754.400000000001
35897,Mi1,5754.400000000001
90278,T4a,5754.400000000001
10112,VS,5754.5
41545,Mi1,5754.5
85007,T4c,5754.5
97193,T4a,5754.5
102229,T4d,5754.5
101620,T4b,5754.599999999999
525839,Mi1,5754.700000000001
68562,T2a,5754.700000000001
35934,Mi1,5754.8
53065,Mi1,5754.8
98099,T4b,5754.8
101302,T4d,5754.9
107442,T4d,5755.0
98360,T4c,5755.0
49324,Mi1,5755.1
98118,T4c,5755.1
33017,Mi1,5755.1
83689,T4a,5755.2
69540,TmY3,5755.2
10284,VS,5755.2
33942,Mi1,5755.2
36410,Mi1,5755.2
100105,T4a,5755.3
78503,T2a,5755.4
96576,T4c,5755.4
104027,T4d,5755.4
36217,Mi1,5755.5
104368,T4c,5755.6
90049,T4c,5755.6
10755,H1,5755.6
10025,H2,5755.7
46662,TmY3,5755.7
74927,Tm3,5755.7
90145,T4a,5755.7
35017,Mi1,5755.8
71938,T2a,5755.900000000001
67150,T2a,5756.0
103425,T4a,5756.0
70812,TmY3,5756.099999999999
16545,Li28,5756.099999999999
34079,Mi1,5756.099999999999
15263,Li28,5756.099999999999
16033,Li28,5756.099999999999
38479,Mi1,5756.200000000001
92082,T4b,5756.200000000001
95239,T4a,5756.3
37631,Mi1,5756.4
40426,Mi1,5756.4
77480,Tm3,5756.4
103654,T4b,5756.4
90121,T4b,5756.5
112179,T4b,5756.5
101215,T4c,5756.5
96295,T4b,5756.5
17280,Li28,5756.5
40854,Mi1,5756.5
66808,Tm3,5756.5
14209,Li28,5756.6
103025,T4a,5756.6
10037,VS,5756.7
89368,T4c,5756.8
76074,Tm3,5756.8
10023,HSS,5756.8
35602,Mi1,5756.8
125171,Tm3,5756.9
103160,T4a,5756.9
35152,Mi1,5756.9
102370,T4c,5756.9
41626,Mi1,5757.0
60857,Mi1,5757.0
98381,T4d,5757.0
10016,HSE,5757.1
88281,T4b,5757.1
102519,T4a,5757.2
99292,T4a,5757.3
92939,T4b,5757.3
102388,T4d,5757.3
109649,T4c,5757.3
36540,Mi1,5757.400000000001
65671,Mi1,5757.400000000001
77991,Tm3,5757.5
102462,T4c,5757.5
11981,Li28,5757.5
36252,Mi1,5757.5
88992,T4c,5757.6
92047,T4c,5757.6
35774,Mi1,5757.6
100946,T4c,5757.6
106952,T4b,5757.700000000001
79257,Tm3,5757.8
119245,T4d,5757.8
66980,T2a,5757.8
35001,Mi1,5757.900000000001
69380,Tm3,5757.900000000001
77138,Tm3,5758.0
101480,T4c,5758.0
23047,Li28,5758.200000000001
64712,T2a,5758.200000000001
33216,Mi1,5758.3
35712,Mi1,5758.3
65531,T2a,5758.3
74231,Tm3,5758.4
35836,Mi1,5758.4
35405,Mi1,5758.500000000001
39629,Mi1,5758.500000000001
95005,T4a,5758.500000000001
35234,Mi1,5758.6
76524,Tm3,5758.6
39275,Mi1,5758.7
42119,Mi1,5758.7
97231,T4a,5758.8
38993,Mi1,5758.8
40026,TmY3,5758.8
95356,T4a,5758.900000000001
102579,T4b,5758.900000000001
35428,Mi1,5758.900000000001
10015,HSN,5759.0
41296,Mi1,5759.0
96931,T4b,5759.0
38893,Mi1,5759.1
93166,T4c,5759.1
35100,Mi1,5759.2
36305,Mi1,5759.2
72194,Tm3,5759.2
72279,Mi1,5759.2
15019,Li28,5759.3
120312,Tm3,5759.400000000001
93750,T4c,5759.400000000001
34849,Mi1,5759.400000000001
10025,H2,5759.5
51122,Mi1,5759.6
34045,Mi1,5759.8
38238,Mi1,5759.8
95883,T4a,5759.9
41120,Mi1,5759.9
89290,T4d,5759.9
34933,Mi1,5760.000000000001
102791,T4c,5760.2
113686,T4d,5760.2
91283,T4c,5760.2
36452,Mi1,5760.2
38514,Mi1,5760.2
33446,Mi1,5760.2
39743,Mi1,5760.3
37699,Mi1,5760.400000000001
56564,Mi1,5760.400000000001
94755,T4a,5760.400000000001
19292,Li28,5760.5
92644,T4d,5760.5
110646,T4b,5760.6
92993,Tm3,5760.6
86686,T4c,5760.6
41668,Mi1,5760.6
40832,Mi1,5760.6
47962,TmY3,5760.6
34171,Mi1,5760.7
39067,Mi1,5760.7
44119,Mi1,5760.7
91913,T4b,5760.7
95822,T4b,5760.7
103479,T4c,5760.7
96035,T4d,5760.900000000001
106922,T4c,5760.900000000001
91674,T4a,5760.900000000001
54885,TmY3,5760.900000000001
68982,Tm3,5760.900000000001
97677,T4c,5761.0
117627,Tm3,5761.0
70289,Mi1,5761.099999999999
15909,Li28,5761.200000000001
34862,Mi1,5761.3
37270,Mi1,5761.4
37599,Mi1,5761.4
33462,Mi1,5761.5
55101,Mi1,5761.5
36177,Mi1,5761.6
40085,Mi1,5761.6
10206,VS,5761.7
35447,Mi1,5761.7
51231,TmY3,5761.8
87424,T4d,5761.8
35845,Mi1,5761.8
88625,T4c,5761.8
97256,T4c,5761.900000000001
127615,Tm3,5761.900000000001
69164,Mi1,5761.900000000001
37037,Mi1,5761.900000000001
40171,Mi1,5761.900000000001
37000,Mi1,5761.900000000001
71052,T2a,5762.0
99922,T4c,5762.0
104297,T4a,5762.0
35806,Mi1,5762.1
102741,T4c,5762.1
10112,VS,5762.3
99950,T4c,5762.400000000001
97249,T4d,5762.400000000001
75521,T2a,5762.400000000001
89434,T4c,5762.400000000001
38767,Mi1,5762.5
542412,Mi1,5762.5
72558,T2a,5762.599999999999
95364,T4d,5762.599999999999
98194,T4d,5762.599999999999
10016,HSE,5762.700000000001
77779,T2a,5762.700000000001
95554,T4b,5762.8
96126,T4b,5762.9
95242,T4d,5763.0
17596,Li28,5763.1
93527,T4a,5763.1
537004,VSm,5763.1
35498,Mi1,5763.2
35580,Mi1,5763.2
37948,Mi1,5763.2
81995,Tm3,5763.2
84063,T4b,5763.2
96394,T4b,5763.3
100032,T4c,5763.3
93025,T4b,5763.3
10025,H2,5763.4
99980,T4c,5763.4
34867,Mi1,5763.5
92114,T4c,5763.5
104257,T4b,5763.5
10037,VS,5763.7
93021,T4a,5763.8
526158,Mi1,5763.8
72148,Tm3,5763.900000000001
35770,Mi1,5764.0
103440,T4d,5764.0
59397,Mi1,5764.099999999999
16596,Li28,5764.099999999999
36139,Mi1,5764.200000000001
55976,Mi1,5764.200000000001
67971,Tm3,5764.200000000001
93566,T4a,5764.200000000001
97480,T4c,5764.200000000001
16545,Li28,5764.4
37019,Mi1,5764.4
95453,T4a,5764.4
98312,T4a,5764.5
41809,Mi1,5764.5
39158,Mi1,5764.6
94305,T4a,5764.8
10015,HSN,5764.9
54087,Mi1,5764.9
34479,Mi1,5765.0
93419,T4b,5765.0
109996,T4c,5765.1
107529,T4d,5765.1
91987,T4c,5765.1
83465,T4a,5765.1
37853,Mi1,5765.1
67113,Mi1,5765.2
71674,T2a,5765.2
37353,Mi1,5765.3
65298,T2a,5765.400000000001
92996,T4a,5765.400000000001
103657,T4b,5765.5
93360,T4b,5765.5
33907,Mi1,5765.5
83365,T2a,5765.5
85126,T4a,5765.6
107105,T4d,5765.6
34300,Mi1,5765.700000000001
95335,T4a,5765.700000000001
106793,T4d,5765.700000000001
98504,T4c,5765.8
34057,Mi1,5765.8
101772,Tm3,5765.8
110988,T4a,5765.900000000001
97675,T4c,5765.900000000001
94287,T4d,5766.0
532850,Tm3,5766.0
30923,TmY3,5766.0
32893,Mi1,5766.0
99131,T4c,5766.1
98887,T4b,5766.1
10755,H1,5766.200000000001
35840,Mi1,5766.200000000001
101383,T4b,5766.200000000001
105718,T4b,5766.200000000001
50333,TmY3,5766.3
91682,T4b,5766.3
34296,Mi1,5766.4
101770,T4b,5766.4
102479,T4c,5766.4
113568,T4d,5766.500000000001
97161,T4a,5766.500000000001
94356,T4c,5766.500000000001
73586,Tm3,5766.500000000001
35218,Mi1,5766.500000000001
38133,Mi1,5766.500000000001
20264,Li28,5766.500000000001
69793,T2a,5766.500000000001
33655,Mi1,5766.6
36954,Mi1,5766.6
37371,Mi1,5766.7
34899,Mi1,5766.7
42006,TmY3,5766.7
11981,Li28,5766.7
16033,Li28,5766.7
97878,T4b,5766.8
107170,T4b,5766.8
74937,T2a,5766.900000000001
92842,T4a,5766.900000000001
111746,Tm3,5766.900000000001
35888,Mi1,5767.0
107719,T4b,5767.0
98788,T4d,5767.1
104450,T4a,5767.1
107609,T4d,5767.1
78422,Tm3,5767.2
34369,Mi1,5767.3
69228,T2a,5767.3
104191,T4a,5767.3
36533,Mi1,5767.400000000001
58862,Mi1,5767.400000000001
72796,Tm3,5767.400000000001
108697,T4d,5767.400000000001
34356,Mi1,5767.5
37529,Mi1,5767.5
72955,T2a,5767.5
92706,T4a,5767.5
36994,Mi1,5767.700000000001
10016,HSE,5767.700000000001
31848,Mi1,5767.8
10025,H2,5767.9
34463,Mi1,5767.9
35897,Mi1,5767.9
37568,Mi1,5767.9
91345,T4c,5767.9
102147,T4c,5767.9
102975,T4b,5768.000000000001
35934,Mi1,5768.1
105698,T4c,5768.1
99628,T4b,5768.2
47368,TmY3,5768.2
10023,HSS,5768.2
35017,Mi1,5768.2
40944,Mi1,5768.2
93947,T4a,5768.3
72989,Tm3,5768.400000000001
34189,Mi1,5768.400000000001
36217,Mi1,5768.400000000001
40596,Mi1,5768.400000000001
48283,TmY3,5768.400000000001
112775,T4d,5768.5
50345,TmY3,5768.5
15909,Li28,5768.5
36446,Mi1,5768.6
90423,T4b,5768.6
74373,Tm3,5768.7
81401,T4b,5768.7
33942,Mi1,5768.8
53065,Mi1,5768.8
88951,Tm3,5768.8
36911,Mi1,5768.900000000001
106912,Tm3,5768.900000000001
100787,T4b,5769.0
99663,T4c,5769.0
87722,T2a,5769.099999999999
94368,T4a,5769.099999999999
35602,Mi1,5769.200000000001
38479,Mi1,5769.200000000001
49324,Mi1,5769.200000000001
66325,Tm3,5769.200000000001
37123,Mi1,5769.3
63420,Mi1,5769.3
107143,T4d,5769.5
106200,T4c,5769.5
97028,T4c,5769.5
104858,T4b,5769.5
87845,T4a,5769.5
10112,VS,5769.6
88167,T4b,5769.6
98175,T4c,5769.6
35152,Mi1,5769.7
10037,VS,5769.8
112993,T4b,5769.8
41626,Mi1,5769.900000000001
91444,T4c,5769.900000000001
108307,T4b,5769.900000000001
103022,T4a,5770.0
10015,HSN,5770.1
36410,Mi1,5770.1
37631,Mi1,5770.1
95681,T4a,5770.1
107240,T4b,5770.1
34079,Mi1,5770.2
41545,Mi1,5770.2
94179,T4a,5770.2
109857,T4d,5770.2
99011,T4c,5770.400000000001
93334,T4b,5770.400000000001
67150,T2a,5770.400000000001
17280,Li28,5770.400000000001
14209,Li28,5770.599999999999
83227,Tm3,5770.599999999999
92281,T4c,5770.599999999999
96134,T4b,5770.599999999999
98300,T4a,5770.700000000001
97853,T4c,5770.8
90567,T4b,5770.8
122308,Tm3,5770.8
40854,Mi1,5770.8
70800,Tm3,5770.8
33017,Mi1,5770.9
36540,Mi1,5770.9
39275,Mi1,5770.9
75377,T2a,5770.9
75484,Tm3,5770.9
90465,T4a,5770.9
91469,T4c,5771.0
38230,Mi1,5771.1
52485,TmY3,5771.1
15263,Li28,5771.2
81883,T2a,5771.3
42119,Mi1,5771.3
72896,Tm3,5771.3
74891,T2a,5771.4
78172,TmY3,5771.4
93688,T4a,5771.4
121170,Tm3,5771.4
96852,T4a,5771.5
109593,Tm3,5771.6
39692,TmY3,5771.6
85152,T4c,5771.6
35001,Mi1,5771.6
35774,Mi1,5771.6
102425,T4b,5771.7
98668,T4a,5771.8
79345,T2a,5771.900000000001
109142,T4b,5771.900000000001
12521,HST,5772.0
65671,Mi1,5772.0
79646,Tm3,5772.0
92415,T4a,5772.099999999999
78856,Tm3,5772.099999999999
35712,Mi1,5772.099999999999
73284,T2a,5772.099999999999
35836,Mi1,5772.200000000001
82282,Tm3,5772.200000000001
99163,T4a,5772.200000000001
99670,T4c,5772.200000000001
100033,T4c,5772.200000000001
547091,T2,5772.200000000001
88152,T4c,5772.3
10025,H2,5772.3
108349,T4d,5772.3
48547,TmY3,5772.4
104414,T4d,5772.4
112321,T4d,5772.4
36252,Mi1,5772.5
40426,Mi1,5772.5
10016,HSE,5772.5
47686,TmY3,5772.6
79271,T4a,5772.6
35234,Mi1,5772.6
97784,T4c,5772.6
93972,T4a,5772.7
51122,Mi1,5772.7
23047,Li28,5772.8
80855,Tm3,5772.8
16545,Li28,5772.8
117662,T4d,5772.8
35405,Mi1,5772.9
34045,Mi1,5773.000000000001
38893,Mi1,5773.000000000001
98837,T4c,5773.000000000001
525839,Mi1,5773.000000000001
90121,T4b,5773.1
100680,T4d,5773.1
101215,T4c,5773.1
38993,Mi1,5773.2
91057,T4c,5773.2
35428,Mi1,5773.2
38238,Mi1,5773.2
34849,Mi1,5773.3
99672,T4a,5773.3
68212,T2a,5773.400000000001
102801,T4b,5773.400000000001
56564,Mi1,5773.5
92839,T4b,5773.5
15019,Li28,5773.6
36452,Mi1,5773.6
66604,TmY3,5773.700000000001
35100,Mi1,5773.700000000001
76733,Tm3,5773.700000000001
91806,T4a,5773.8
83067,T4b,5773.900000000001
97885,T4a,5774.0
100633,T4a,5774.0
105521,T4c,5774.0
36305,Mi1,5774.1
41296,Mi1,5774.1
48894,TmY3,5774.1
71161,T2a,5774.1
33216,Mi1,5774.3
60857,Mi1,5774.3
109536,T4d,5774.3
39743,Mi1,5774.4
19292,Li28,5774.4
37270,Mi1,5774.500000000001
102016,T4a,5774.500000000001
39405,Mi1,5774.6
72279,Mi1,5774.6
83979,T4a,5774.6
84008,T4c,5774.6
103314,T4b,5774.6
116129,T4b,5774.6
98381,T4d,5774.7
38529,Mi1,5774.7
34933,Mi1,5774.7
33462,Mi1,5774.7
38208,Mi1,5774.8
78561,Tm3,5774.8
70289,Mi1,5774.900000000001
83583,T4d,5774.900000000001
10015,HSN,5775.0
30997,Mi1,5775.0
33446,Mi1,5775.0
35845,Mi1,5775.0
39629,Mi1,5775.0
95458,T4d,5775.0
107621,T4d,5775.1
35447,Mi1,5775.1
48986,TmY3,5775.1
16033,Li28,5775.2
10023,HSS,5775.3
94743,T4d,5775.3
34862,Mi1,5775.400000000001
39505,Mi1,5775.400000000001
66214,T2a,5775.400000000001
91366,T4b,5775.400000000001
94153,T4d,5775.400000000001
112744,T4d,5775.5
104008,T4b,5775.5
10037,VS,5775.5
10755,H1,5775.5
103226,T4d,5775.5
39067,Mi1,5775.599999999999
44119,Mi1,5775.599999999999
80302,T2a,5775.599999999999
88698,T4a,5775.599999999999
89139,T4c,5775.599999999999
15909,Li28,5775.700000000001
55101,Mi1,5775.700000000001
100018,T4a,5775.8
98325,T4d,5775.8
37000,Mi1,5775.8
37699,Mi1,5775.8
38514,Mi1,5775.8
82855,Tm3,5775.9
104683,T4b,5775.9
98654,T4d,5776.000000000001
10112,VS,5776.000000000001
38767,Mi1,5776.000000000001
104336,T4b,5776.000000000001
99423,T4d,5776.1
69980,Tm3,5776.1
11981,Li28,5776.2
37037,Mi1,5776.2
108438,T4d,5776.2
118924,Tm3,5776.2
10206,VS,5776.3
35806,Mi1,5776.3
83191,T4a,5776.3
71394,T2a,5776.400000000001
97899,T4a,5776.400000000001
10025,H2,5776.400000000001
37948,Mi1,5776.5
53075,TmY3,5776.5
100867,T4b,5776.5
104905,T4c,5776.5
17596,Li28,5776.6
62272,T2,5776.6
103025,T4a,5776.6
36177,Mi1,5776.7
102564,T4a,5776.8
94283,T4d,5776.8
69164,Mi1,5776.8
35498,Mi1,5776.8
37599,Mi1,5776.900000000001
542412,Mi1,5776.900000000001
34171,Mi1,5777.0
101463,T4d,5777.0
62078,Mi1,5777.099999999999
105403,T4c,5777.099999999999
10016,HSE,5777.200000000001
104703,T4d,5777.4
32535,Mi1,5777.4
34867,Mi1,5777.5
36139,Mi1,5777.5
40832,Mi1,5777.5
55976,Mi1,5777.5
100206,T4c,5777.5
106166,T4b,5777.5
41120,Mi1,5777.6
35770,Mi1,5777.7
97872,T4d,5777.7
103827,T4c,5777.8
101005,T4d,5777.8
86419,Tm3,5777.8
94624,T4a,5777.8
74023,T2a,5777.8
40256,Mi1,5777.8
40085,Mi1,5777.8
69978,T2,5777.900000000001
107159,T4b,5777.900000000001
38241,Mi1,5778.0
59397,Mi1,5778.0
39158,Mi1,5778.1
89368,T4c,5778.1
101685,T4b,5778.1
95007,T4a,5778.2
83438,T4a,5778.2
40026,TmY3,5778.3
88726,T4b,5778.3
90206,T4b,5778.3
93509,T4b,5778.3
52328,TmY3,5778.400000000001
34479,Mi1,5778.5
40171,Mi1,5778.5
98985,T4c,5778.5
103425,T4a,5778.5
54211,TmY3,5778.599999999999
122233,Tm3,5778.700000000001
108065,T4c,5778.700000000001
100897,T4c,5778.8
41668,Mi1,5778.9
41809,Mi1,5778.9
94574,T4c,5778.9
35580,Mi1,5779.0
57398,Mi1,5779.0
67113,Mi1,5779.0
95356,T4a,5779.0
109598,T4b,5779.0
37853,Mi1,5779.1
33907,Mi1,5779.1
94668,T4d,5779.2
36954,Mi1,5779.4
90135,T4c,5779.4
96657,T4c,5779.4
54087,Mi1,5779.5
107031,T4b,5779.5
34296,Mi1,5779.6
37019,Mi1,5779.6
16596,Li28,5779.7
90394,T4a,5779.7
10015,HSN,5779.8
47967,Mi1,5779.900000000001
90219,T4a,5779.900000000001
35218,Mi1,5779.900000000001
90278,T4a,5780.0
32893,Mi1,5780.0
64149,Mi1,5780.099999999999
92114,T4c,5780.099999999999
105574,T4d,5780.099999999999
33655,Mi1,5780.200000000001
44564,TmY3,5780.200000000001
86778,T4a,5780.200000000001
95883,T4a,5780.200000000001
526158,Mi1,5780.200000000001
93224,T4a,5780.3
92181,T4a,5780.3
34300,Mi1,5780.3
34057,Mi1,5780.3
10037,VS,5780.5
35840,Mi1,5780.5
59959,Mi1,5780.5
89434,T4c,5780.5
37353,Mi1,5780.6
38791,Mi1,5780.6
116311,T4d,5780.6
58862,Mi1,5780.700000000001
93750,T4c,5780.700000000001
10025,H2,5780.700000000001
35017,Mi1,5780.8
37371,Mi1,5780.8
101873,T4b,5780.8
38133,Mi1,5780.9
66345,T2a,5780.9
83689,T4a,5780.9
92939,T4b,5780.9
104257,T4b,5781.000000000001
35888,Mi1,5781.1
91741,T4d,5781.2
33942,Mi1,5781.3
20264,Li28,5781.400000000001
106801,T4c,5781.400000000001
10284,VS,5781.6
40703,Mi1,5781.6
49324,Mi1,5781.6
34369,Mi1,5781.7
97866,T4d,5781.7
131823,Tm3,5781.7
36994,Mi1,5781.8
40596,Mi1,5781.8
34899,Mi1,5781.8
35602,Mi1,5781.8
31848,Mi1,5781.8
10023,HSS,5781.8
10016,HSE,5781.8
20634,VST1,5781.900000000001
37529,Mi1,5781.900000000001
94305,T4a,5781.900000000001
35897,Mi1,5782.1
35934,Mi1,5782.1
100946,T4c,5782.1
102462,T4c,5782.1
110403,T4b,5782.200000000001
36533,Mi1,5782.200000000001
75298,T2a,5782.200000000001
36217,Mi1,5782.3
71228,T2a,5782.3
39718,Mi1,5782.4
106295,T4b,5782.500000000001
40944,Mi1,5782.500000000001
98194,T4d,5782.500000000001
101620,T4b,5782.500000000001
98751,T4a,5782.6
36446,Mi1,5782.6
34356,Mi1,5782.6
34189,Mi1,5782.7
66808,Tm3,5782.7
10112,VS,5782.8
34463,Mi1,5782.8
49372,TmY3,5782.8
90049,T4c,5782.8
92706,T4a,5782.8
96090,T4c,5782.8
102579,T4b,5782.900000000001
130280,Tm3,5783.0
104674,T4a,5783.0
93419,T4b,5783.0
39275,Mi1,5783.0
53065,Mi1,5783.0
92431,T4a,5783.0
16545,Li28,5783.1
108325,T4c,5783.1
89825,T4a,5783.2
35152,Mi1,5783.3
17280,Li28,5783.3
78503,T2a,5783.3
110646,T4b,5783.5
65513,T2a,5783.599999999999
105135,T4c,5783.700000000001
38479,Mi1,5783.700000000001
37123,Mi1,5783.8
75521,T2a,5783.8
107445,T4a,5783.9
34079,Mi1,5784.000000000001
15909,Li28,5784.1
63420,Mi1,5784.1
111416,Tm3,5784.1
36540,Mi1,5784.2
54885,TmY3,5784.2
68982,Tm3,5784.2
106522,T4d,5784.2
97675,T4c,5784.3
87289,T4a,5784.3
10015,HSN,5784.3
33017,Mi1,5784.3
37568,Mi1,5784.3
96576,T4c,5784.400000000001
111184,T4a,5784.400000000001
37631,Mi1,5784.5
74725,T2a,5784.5
537004,VSm,5784.6
98349,T4a,5784.6
36410,Mi1,5784.6
84063,T4b,5784.7
10755,H1,5784.7
72066,Tm3,5784.7
71188,T2a,5784.8
100310,T4d,5784.8
41545,Mi1,5784.900000000001
42119,Mi1,5784.900000000001
91325,T4a,5784.900000000001
91913,T4b,5784.900000000001
97231,T4a,5784.900000000001
41626,Mi1,5785.0
95453,T4a,5785.0
112179,T4b,5785.0
16033,Li28,5785.099999999999
93527,T4a,5785.099999999999
95554,T4b,5785.099999999999
100956,T4d,5785.099999999999
93935,T4a,5785.200000000001
92254,T4b,5785.200000000001
101772,Tm3,5785.200000000001
35836,Mi1,5785.200000000001
36911,Mi1,5785.200000000001
107075,T4d,5785.3
99348,T4c,5785.3
95239,T4a,5785.3
10025,H2,5785.3
74375,Tm3,5785.3
82038,Tm3,5785.3
36452,Mi1,5785.3
92644,T4d,5785.4
105276,T4d,5785.4
15263,Li28,5785.5
101480,T4c,5785.5
104942,T4a,5785.5
117627,Tm3,5785.5
92047,T4c,5785.7
69570,Tm3,5785.7
98118,T4c,5785.8
109652,T4d,5785.8
38238,Mi1,5785.900000000001
43334,TmY3,5785.900000000001
95005,T4a,5785.900000000001
14209,Li28,5786.0
35234,Mi1,5786.0
40854,Mi1,5786.1
11134,VSm,5786.1
10016,HSE,5786.1
10037,VS,5786.1
44244,TmY3,5786.2
68522,T2a,5786.2
86416,T4a,5786.2
95822,T4b,5786.2
96295,T4b,5786.2
102791,T4c,5786.2
96424,T4b,5786.3
73828,Tm3,5786.3
38230,Mi1,5786.3
60856,T2a,5786.3
89934,T4d,5786.400000000001
35001,Mi1,5786.5
35712,Mi1,5786.5
100319,T4b,5786.5
75660,T2a,5786.599999999999
133040,Tm3,5786.700000000001
38993,Mi1,5786.700000000001
51122,Mi1,5786.700000000001
90145,T4a,5786.700000000001
123490,Tm3,5786.8
35405,Mi1,5786.9
36252,Mi1,5786.9
11981,Li28,5787.0
10206,VS,5787.1
45005,TmY3,5787.1
38893,Mi1,5787.2
65671,Mi1,5787.2
79483,Tm3,5787.2
93166,T4c,5787.2
99950,T4c,5787.2
95017,T4c,5787.3
70812,TmY3,5787.3
69380,Tm3,5787.3
56564,Mi1,5787.3
40426,Mi1,5787.3
62947,T2a,5787.3
34849,Mi1,5787.4
67150,T2a,5787.4
70289,Mi1,5787.4
71475,Tm3,5787.4
94755,T4a,5787.4
107529,T4d,5787.5
23047,Li28,5787.5
77395,T4b,5787.5
104858,T4b,5787.6
72829,T2a,5787.6
94356,T4c,5787.6
35774,Mi1,5787.7
65531,T2a,5787.7
92082,T4b,5787.7
33216,Mi1,5787.799999999999
37270,Mi1,5787.799999999999
41296,Mi1,5787.799999999999
107442,T4d,5787.799999999999
61401,T2a,5787.900000000001
85126,T4a,5787.900000000001
15019,Li28,5787.900000000001
35428,Mi1,5787.900000000001
98439,T4a,5788.0
99292,T4a,5788.0
103654,T4b,5788.0
36305,Mi1,5788.099999999999
35100,Mi1,5788.099999999999
72558,T2a,5788.099999999999
91469,T4c,5788.200000000001
106701,T4d,5788.200000000001
86536,Tm3,5788.200000000001
89020,T4a,5788.200000000001
34933,Mi1,5788.200000000001
10023,HSS,5788.200000000001
37000,Mi1,5788.200000000001
47368,TmY3,5788.3
64341,TmY3,5788.3
78968,Tm3,5788.3
83204,T4d,5788.400000000001
102741,T4c,5788.5
10012,VS,5788.6
67971,Tm3,5788.700000000001
35447,Mi1,5788.700000000001
125171,Tm3,5788.8
82515,Tm3,5788.8
10015,HSN,5788.8
70239,T2,5788.8
127615,Tm3,5788.9
55101,Mi1,5789.000000000001
35845,Mi1,5789.000000000001
39743,Mi1,5789.000000000001
50333,TmY3,5789.000000000001
72279,Mi1,5789.000000000001
33462,Mi1,5789.2
102975,T4b,5789.2
68562,T2a,5789.2
10112,VS,5789.2
60857,Mi1,5789.2
35806,Mi1,5789.3
37037,Mi1,5789.3
81836,T2a,5789.3
98099,T4b,5789.3
100282,T4a,5789.400000000001
33446,Mi1,5789.400000000001
46662,TmY3,5789.400000000001
99387,T4a,5789.400000000001
525839,Mi1,5789.400000000001
34045,Mi1,5789.5
19292,Li28,5789.6
98788,T4d,5789.6
87358,T4a,5789.7
103479,T4c,5789.7
38767,Mi1,5789.7
44119,Mi1,5789.7
96931,T4b,5789.8
92552,T4a,5789.900000000001
99922,T4c,5789.900000000001
70524,T2a,5789.900000000001
90423,T4b,5789.900000000001
39629,Mi1,5789.900000000001
37699,Mi1,5789.900000000001
34862,Mi1,5789.900000000001
10025,H2,5790.0
39505,Mi1,5790.0
71052,T2a,5790.0
93360,T4b,5790.0
35498,Mi1,5790.1
92281,T4c,5790.1
114817,T4d,5790.1
105718,T4b,5790.200000000001
111980,T4d,5790.4
93957,T4b,5790.4
38529,Mi1,5790.4
77480,Tm3,5790.4
91283,T4c,5790.4
37948,Mi1,5790.500000000001
38514,Mi1,5790.500000000001
39067,Mi1,5790.500000000001
97028,T4c,5790.6
79257,Tm3,5790.7
10016,HSE,5790.7
114391,T4d,5790.7
99670,T4c,5790.8
96676,T4b,5790.8
58945,Tm3,5790.900000000001
86686,T4c,5790.900000000001
102229,T4d,5790.900000000001
104853,T4c,5790.900000000001
105834,T4d,5791.0
15909,Li28,5791.1
17596,Li28,5791.1
77383,T2a,5791.2
96126,T4b,5791.2
101302,T4d,5791.3
74927,Tm3,5791.3
93566,T4a,5791.3
85074,T4a,5791.400000000001
90474,T4b,5791.5
95972,T4d,5791.599999999999
36177,Mi1,5791.599999999999
59397,Mi1,5791.700000000001
98887,T4b,5791.700000000001
41120,Mi1,5791.700000000001
100032,T4c,5791.700000000001
37599,Mi1,5791.8
91987,T4c,5791.8
93021,T4a,5791.8
88152,T4c,5791.8
34171,Mi1,5791.8
69164,Mi1,5791.8
69597,Tm3,5791.8
30923,TmY3,5791.9
40832,Mi1,5791.9
55976,Mi1,5791.9
106952,T4b,5791.9
542412,Mi1,5791.9
38208,Mi1,5792.000000000001
101878,T4a,5792.000000000001
103725,T4a,5792.1
93865,T4c,5792.1
16545,Li28,5792.1
35770,Mi1,5792.1
97256,T4c,5792.2
36139,Mi1,5792.2
39405,Mi1,5792.2
77138,Tm3,5792.2
88625,T4c,5792.2
30997,Mi1,5792.3
39158,Mi1,5792.3
10037,VS,5792.3
34479,Mi1,5792.400000000001
103073,T4a,5792.400000000001
112619,T4d,5792.5
103677,T4b,5792.6
108847,T4d,5792.6
99131,T4c,5792.7
107609,T4d,5792.7
101770,T4b,5792.7
93025,T4b,5792.7
92996,T4a,5792.7
89290,T4d,5792.7
38241,Mi1,5792.7
34296,Mi1,5792.8
75848,T2a,5792.8
100261,T4c,5792.8
101043,T4c,5792.8
87390,T2a,5792.900000000001
99011,T4c,5792.900000000001
34867,Mi1,5793.0
35580,Mi1,5793.0
101081,T4c,5793.099999999999
48514,TmY3,5793.099999999999
104297,T4a,5793.099999999999
40085,Mi1,5793.099999999999
41668,Mi1,5793.099999999999
34057,Mi1,5793.200000000001
51231,TmY3,5793.200000000001
62340,T2,5793.200000000001
72955,T2a,5793.200000000001
83365,T2a,5793.200000000001
91682,T4b,5793.200000000001
67113,Mi1,5793.3
33907,Mi1,5793.4
54087,Mi1,5793.4
33655,Mi1,5793.4
62078,Mi1,5793.5
40171,Mi1,5793.6
72005,Tm3,5793.6
37019,Mi1,5793.7
37353,Mi1,5793.7
40256,Mi1,5793.7
10015,HSN,5793.8
10755,H1,5793.8
16033,Li28,5794.1
32893,Mi1,5794.1
104450,T4a,5794.2
97193,T4a,5794.2
37853,Mi1,5794.2
35218,Mi1,5794.2
49324,Mi1,5794.2
10025,H2,5794.3
32535,Mi1,5794.3
33942,Mi1,5794.3
41809,Mi1,5794.3
83979,T4a,5794.3
103160,T4a,5794.3
99980,T4c,5794.400000000001
109142,T4b,5794.5
99663,T4c,5794.599999999999
10112,VS,5794.599999999999
35888,Mi1,5794.599999999999
35934,Mi1,5794.700000000001
37529,Mi1,5794.700000000001
97677,T4c,5794.8
96163,T4b,5794.8
98312,T4a,5794.8
58862,Mi1,5794.8
34369,Mi1,5794.8
64712,T2a,5794.8
57398,Mi1,5794.9
16596,Li28,5794.9
34300,Mi1,5794.9
10023,HSS,5795.0
10206,VS,5795.0
36954,Mi1,5795.0
37371,Mi1,5795.0
39692,TmY3,5795.0
40596,Mi1,5795.0
99628,T4b,5795.0
118502,T4b,5795.0
35017,Mi1,5795.1
44449,TmY3,5795.1
104191,T4a,5795.2
100855,T4a,5795.2
10016,HSE,5795.2
34899,Mi1,5795.2
97161,T4a,5795.2
36217,Mi1,5795.3
97899,T4a,5795.3
47967,Mi1,5795.4
526158,Mi1,5795.5
71938,T2a,5795.5
34356,Mi1,5795.5
97853,T4c,5795.6
92842,T4a,5795.6
31848,Mi1,5795.6
74231,Tm3,5795.6
35602,Mi1,5795.799999999999
70490,Mi1,5795.799999999999
90121,T4b,5795.799999999999
35840,Mi1,5796.0
36533,Mi1,5796.0
85152,T4c,5796.0
42594,Mi1,5796.1
102147,T4c,5796.200000000001
35897,Mi1,5796.3
50345,TmY3,5796.3
77226,T2a,5796.3
103570,T4d,5796.3
36994,Mi1,5796.400000000001
91313,T4a,5796.400000000001
34142,Mi1,5796.400000000001
100105,T4a,5796.400000000001
39275,Mi1,5796.5
20264,Li28,5796.5
47962,TmY3,5796.5
100787,T4b,5796.6
66980,T2a,5796.6
38721,Mi1,5796.700000000001
46324,TmY3,5796.700000000001
53065,Mi1,5796.700000000001
98175,T4c,5796.700000000001
38133,Mi1,5796.8
72148,Tm3,5796.8
89142,T4b,5796.8
65106,T2,5796.9
59959,Mi1,5796.9
40944,Mi1,5796.9
38791,Mi1,5796.9
35152,Mi1,5796.9
37243,Mi1,5797.000000000001
83583,T4d,5797.000000000001
109857,T4d,5797.000000000001
79646,Tm3,5797.1
97288,T4c,5797.1
97878,T4b,5797.1
102991,T4c,5797.2
101732,T4c,5797.2
42675,Mi1,5797.2
69228,T2a,5797.2
34463,Mi1,5797.2
17280,Li28,5797.2
36446,Mi1,5797.2
34189,Mi1,5797.3
96134,T4b,5797.400000000001
15909,Li28,5797.5
35045,Mi1,5797.5
38479,Mi1,5797.5
93750,T4c,5797.5
101215,T4c,5797.5
120231,Tm3,5797.6
113171,T4b,5797.6
101228,T4a,5797.6
40026,TmY3,5797.7
97784,T4c,5797.7
102112,T4c,5797.7
36452,Mi1,5797.8
11981,Li28,5798.0
36410,Mi1,5798.0
36540,Mi1,5798.0
64149,Mi1,5798.0
71131,Tm3,5798.0
79271,T4a,5798.0
95681,T4a,5798.1
86630,Tm3,5798.200000000001
37568,Mi1,5798.200000000001
10037,VS,5798.3
10284,VS,5798.3
34079,Mi1,5798.3
61659,Tm3,5798.3
91366,T4b,5798.3
95335,T4a,5798.3
102519,T4a,5798.3
10015,HSN,5798.4
74228,Tm3,5798.4
106922,T4c,5798.4
105521,T4c,5798.500000000001
76074,Tm3,5798.500000000001
37631,Mi1,5798.500000000001
37123,Mi1,5798.500000000001
10025,H2,5798.6
89728,Tm3,5798.6
93688,T4a,5798.6
103022,T4a,5798.6
91444,T4c,5798.7
94058,T4b,5798.7
537004,VSm,5798.7
48547,TmY3,5798.8
35836,Mi1,5798.8
33017,Mi1,5798.8
34626,Mi1,5798.8
41545,Mi1,5798.900000000001
89434,T4c,5798.900000000001
95356,T4a,5798.900000000001
104354,T4b,5798.900000000001
38238,Mi1,5799.0
100033,T4c,5799.0
106912,Tm3,5799.0
63420,Mi1,5799.1
94930,T2a,5799.1
39718,Mi1,5799.1
91345,T4c,5799.2
93407,T4d,5799.2
94743,T4d,5799.2
100838,T4c,5799.2
40703,Mi1,5799.3
112744,T4d,5799.3
105122,T4b,5799.400000000001
104257,T4b,5799.5
113686,T4d,5799.5
74937,T2a,5799.599999999999
42119,Mi1,5799.599999999999
105412,T4a,5799.599999999999
102801,T4b,5799.8
36911,Mi1,5799.8
14209,Li28,5799.8
15263,Li28,5799.8
38993,Mi1,5799.9
72194,Tm3,5799.9
119245,T4d,5799.9
101685,T4b,5800.000000000001
128726,Tm3,5800.1
96576,T4c,5800.1
107170,T4b,5800.1
51122,Mi1,5800.1
35234,Mi1,5800.1
68982,Tm3,5800.1
10016,HSE,5800.2
132339,Tm3,5800.2
10112,VS,5800.3
109649,T4c,5800.3
48894,TmY3,5800.400000000001
103025,T4a,5800.400000000001
102564,T4a,5800.5
56564,Mi1,5800.5
91674,T4a,5800.5
48607,TmY3,5800.5
56007,TmY3,5800.5
37270,Mi1,5800.5
38230,Mi1,5800.6
69889,T2a,5800.6
87845,T4a,5800.6
88992,T4c,5800.6
90097,T4c,5800.6
83067,T4b,5800.7
98300,T4a,5800.7
34933,Mi1,5800.7
65671,Mi1,5800.7
35405,Mi1,5800.8
68212,T2a,5800.8
41626,Mi1,5800.900000000001
81995,Tm3,5801.0
108349,T4d,5801.0
109631,T4b,5801.0
34849,Mi1,5801.099999999999
78856,Tm3,5801.200000000001
35774,Mi1,5801.200000000001
36252,Mi1,5801.200000000001
70289,Mi1,5801.200000000001
90567,T4b,5801.3
89368,T4c,5801.3
35712,Mi1,5801.3
12521,HST,5801.3
35001,Mi1,5801.5
35100,Mi1,5801.5
40426,Mi1,5801.6
110604,T4a,5801.8
38893,Mi1,5801.9
93527,T4a,5801.9
100087,T4b,5801.9
75381,Tm3,5802.0
44564,TmY3,5802.0
37000,Mi1,5802.0
15019,Li28,5802.0
41296,Mi1,5802.1
10023,HSS,5802.2
33216,Mi1,5802.2
35845,Mi1,5802.2
55101,Mi1,5802.2
108907,T4c,5802.2
96774,T4c,5802.3
90135,T4c,5802.3
72279,Mi1,5802.3
40854,Mi1,5802.3
16545,Li28,5802.3
33446,Mi1,5802.400000000001
33462,Mi1,5802.400000000001
39743,Mi1,5802.400000000001
48986,TmY3,5802.400000000001
72796,Tm3,5802.400000000001
83438,T4a,5802.400000000001
93972,T4a,5802.5
91913,T4b,5802.5
35428,Mi1,5802.5
35447,Mi1,5802.5
10755,H1,5802.700000000001
34862,Mi1,5802.700000000001
86419,Tm3,5802.700000000001
83465,T4a,5802.8
98381,T4d,5802.8
104144,T2,5802.8
92047,T4c,5802.9
36305,Mi1,5802.9
35806,Mi1,5803.1
37699,Mi1,5803.1
10015,HSN,5803.1
80855,Tm3,5803.2
105698,T4c,5803.2
10025,H2,5803.2
23047,Li28,5803.2
37037,Mi1,5803.3
38767,Mi1,5803.3
16033,Li28,5803.4
66808,Tm3,5803.5
94549,T4b,5803.7
92706,T4a,5803.7
98360,T4c,5803.7
19292,Li28,5803.7
48283,TmY3,5803.7
66345,T2a,5803.799999999999
87424,T4d,5803.799999999999
95364,T4d,5803.799999999999
96090,T4c,5803.799999999999
120016,Tm3,5803.799999999999
10206,VS,5803.900000000001
94624,T4a,5803.900000000001
92839,T4b,5804.0
84008,T4c,5804.0
100501,T4b,5804.1
525839,Mi1,5804.1
69441,Tm3,5804.1
38514,Mi1,5804.200000000001
91806,T4a,5804.200000000001
35498,Mi1,5804.3
39629,Mi1,5804.3
44119,Mi1,5804.3
90219,T4a,5804.3
94305,T4a,5804.3
100867,T4b,5804.3
39505,Mi1,5804.400000000001
35770,Mi1,5804.400000000001
37948,Mi1,5804.400000000001
34045,Mi1,5804.5
90888,T4b,5804.5
96728,T4c,5804.6
15909,Li28,5804.6
60857,Mi1,5804.6
92114,T4c,5804.6
93419,T4b,5804.6
108307,T4b,5804.6
108438,T4d,5804.700000000001
122233,Tm3,5804.700000000001
100206,T4c,5804.700000000001
121816,T4a,5804.700000000001
95007,T4a,5804.700000000001
98194,T4d,5804.700000000001
69980,Tm3,5804.700000000001
34296,Mi1,5804.8
91934,T4a,5804.8
92939,T4b,5804.8
104683,T4b,5804.8
110988,T4a,5804.8
10016,HSE,5804.9
96394,T4b,5804.9
88698,T4a,5805.000000000001
84063,T4b,5805.000000000001
36139,Mi1,5805.000000000001
72426,Tm3,5805.1
95554,T4b,5805.1
10037,VS,5805.2
38529,Mi1,5805.2
39067,Mi1,5805.2
84010,Tm3,5805.3
94368,T4a,5805.3
97171,T4d,5805.3
121170,Tm3,5805.400000000001
542412,Mi1,5805.400000000001
93985,T4c,5805.400000000001
92993,Tm3,5805.400000000001
68842,TmY3,5805.400000000001
93509,T4b,5805.400000000001
34171,Mi1,5805.6
34479,Mi1,5805.6
76325,T2a,5805.6
93166,T4c,5805.6
96035,T4d,5805.6
40832,Mi1,5805.8
81064,Tm3,5805.8
92281,T4c,5805.8
104336,T4b,5805.8
78911,Tm3,5805.900000000001
59397,Mi1,5805.900000000001
36177,Mi1,5805.900000000001
55976,Mi1,5805.900000000001
79083,Tm3,5806.0
96295,T4b,5806.0
102479,T4c,5806.0
34057,Mi1,5806.200000000001
97675,T4c,5806.3
38241,Mi1,5806.3
39158,Mi1,5806.3
40085,Mi1,5806.3
102975,T4b,5806.3
88726,T4b,5806.4
69164,Mi1,5806.500000000001
86778,T4a,5806.500000000001
109593,Tm3,5806.500000000001
91057,T4c,5806.6
17596,Li28,5806.7
91469,T4c,5806.7
102153,T4c,5806.7
33655,Mi1,5806.8
37599,Mi1,5806.8
83639,T2a,5806.900000000001
30997,Mi1,5806.900000000001
104368,T4c,5807.0
10025,H2,5807.2
72938,T2a,5807.2
122308,Tm3,5807.3
10112,VS,5807.3
40256,Mi1,5807.3
41668,Mi1,5807.3
98654,T4d,5807.3
98985,T4c,5807.3
112633,T4b,5807.3
102388,T4d,5807.400000000001
85007,T4c,5807.400000000001
41120,Mi1,5807.400000000001
11981,Li28,5807.5
101230,T4a,5807.5
10015,HSN,5807.599999999999
33942,Mi1,5807.599999999999
54087,Mi1,5807.599999999999
70642,T2a,5807.599999999999
83191,T4a,5807.599999999999
85737,T2a,5807.599999999999
35580,Mi1,5807.700000000001
54885,TmY3,5807.700000000001
33907,Mi1,5807.700000000001
40171,Mi1,5807.8
107105,T4d,5807.8
107640,T4c,5807.8
32893,Mi1,5807.9
34867,Mi1,5807.9
40596,Mi1,5807.9
91629,T4a,5807.9
94179,T4a,5807.9
97866,T4d,5807.9
95453,T4a,5808.000000000001
73284,T2a,5808.000000000001
67113,Mi1,5808.000000000001
37019,Mi1,5808.000000000001
34369,Mi1,5808.000000000001
37353,Mi1,5808.000000000001
38208,Mi1,5808.1
34300,Mi1,5808.2
92431,T4a,5808.2
93224,T4a,5808.2
90423,T4b,5808.3
102016,T4a,5808.3
106793,T4d,5808.3
98887,T4b,5808.400000000001
101463,T4d,5808.400000000001
49324,Mi1,5808.400000000001
93360,T4b,5808.400000000001
34356,Mi1,5808.5
36217,Mi1,5808.5
67150,T2a,5808.5
95985,T4c,5808.6
37529,Mi1,5808.6
62078,Mi1,5808.6
111184,T4a,5808.6
66604,TmY3,5808.7
35602,Mi1,5808.7
109996,T4c,5808.8
74023,T2a,5808.8
49322,TmY3,5808.8
10023,HSS,5808.8
35017,Mi1,5808.8
39405,Mi1,5808.8
83689,T4a,5808.900000000001
95883,T4a,5808.900000000001
35218,Mi1,5809.0
35934,Mi1,5809.0
37371,Mi1,5809.0
71402,Tm3,5809.0
113207,T4d,5809.0
85378,T4a,5809.099999999999
81401,T4b,5809.099999999999
16596,Li28,5809.099999999999
35888,Mi1,5809.099999999999
104858,T4b,5809.200000000001
34899,Mi1,5809.200000000001
35840,Mi1,5809.200000000001
39275,Mi1,5809.200000000001
58862,Mi1,5809.200000000001
106295,T4b,5809.200000000001
103657,T4b,5809.3
102579,T4b,5809.3
93334,T4b,5809.3
98846,T4c,5809.3
41809,Mi1,5809.4
57398,Mi1,5809.4
101772,Tm3,5809.5
36954,Mi1,5809.6
35152,Mi1,5809.7
100946,T4c,5809.7
109598,T4b,5809.8
37853,Mi1,5809.8
108065,T4c,5809.8
10016,HSE,5809.8
16545,Li28,5809.8
10755,H1,5809.9
82211,T2a,5809.9
35897,Mi1,5810.0
52485,TmY3,5810.0
98349,T4a,5810.1
32535,Mi1,5810.1
36533,Mi1,5810.1
47967,Mi1,5810.1
73385,T2a,5810.1
526158,Mi1,5810.1
90419,T4b,5810.2
124490,Tm3,5810.400000000001
17280,Li28,5810.5
31848,Mi1,5810.5
49441,TmY3,5810.5
86536,Tm3,5810.5
95822,T4b,5810.5
98668,T4a,5810.599999999999
20264,Li28,5810.700000000001
38479,Mi1,5810.700000000001
50333,TmY3,5810.700000000001
38791,Mi1,5810.8
98504,T4c,5810.9
94668,T4d,5810.9
53065,Mi1,5810.9
61768,T2,5810.9
66325,Tm3,5810.9
10025,H2,5811.0
99670,T4c,5811.0
107211,T4d,5811.0
36994,Mi1,5811.1
47368,TmY3,5811.1
94356,T4c,5811.2
70800,Tm3,5811.2
34463,Mi1,5811.2
35836,Mi1,5811.3
36446,Mi1,5811.3
38987,Mi1,5811.3
59959,Mi1,5811.3
102462,T4c,5811.3
132834,Tm3,5811.3
69380,Tm3,5811.4
67719,T2a,5811.4
91325,T4a,5811.4
36410,Mi1,5811.4
40944,Mi1,5811.4
38238,Mi1,5811.5
43334,TmY3,5811.5
34189,Mi1,5811.6
36540,Mi1,5811.6
37631,Mi1,5811.6
65298,T2a,5811.6
99850,T4a,5811.6
98837,T4c,5811.7
101620,T4b,5811.7
98000,T4b,5811.7
37243,Mi1,5811.7
10037,VS,5811.7
10015,HSN,5811.7
88152,T4c,5811.7
37123,Mi1,5811.8
95239,T4a,5811.8
93750,T4c,5811.900000000001
97231,T4a,5811.900000000001
110646,T4b,5811.900000000001
34079,Mi1,5812.0
96931,T4b,5812.0
87289,T4a,5812.0
83583,T4d,5812.0
33017,Mi1,5812.0
36452,Mi1,5812.0
64149,Mi1,5812.0
77891,Tm3,5812.1
39692,TmY3,5812.200000000001
89139,T4c,5812.200000000001
34142,Mi1,5812.400000000001
35890,Mi1,5812.400000000001
103827,T4c,5812.5
97028,T4c,5812.5
90394,T4a,5812.5
38133,Mi1,5812.5
15909,Li28,5812.5
36346,Mi1,5812.6
38721,Mi1,5812.6
42594,Mi1,5812.6
101005,T4d,5812.6
116129,T4b,5812.6
37568,Mi1,5812.700000000001
40219,Mi1,5812.700000000001
83227,Tm3,5812.700000000001
100488,T4c,5812.8
92082,T4b,5812.8
92644,T4d,5812.8
16033,Li28,5812.9
70490,Mi1,5812.9
86141,T4b,5812.9
90145,T4a,5812.9
69540,TmY3,5813.000000000001
96126,T4b,5813.000000000001
97480,T4c,5813.1
35045,Mi1,5813.1
112179,T4b,5813.3
39718,Mi1,5813.3
71228,T2a,5813.3
41545,Mi1,5813.400000000001
42119,Mi1,5813.400000000001
75521,T2a,5813.400000000001
94755,T4a,5813.400000000001
97885,T4a,5813.400000000001
107297,T4c,5813.400000000001
93947,T4a,5813.5
109868,Tm3,5813.5
99922,T4c,5813.5
99131,T4c,5813.5
89434,T4c,5813.5
40703,Mi1,5813.5
36911,Mi1,5813.5
39651,Mi1,5813.6
90278,T4a,5813.6
36646,Mi1,5813.7
63420,Mi1,5813.7
38993,Mi1,5813.8
103314,T4b,5813.900000000001
91303,T4b,5813.900000000001
102370,T4c,5813.900000000001
72558,T2a,5813.900000000001
86416,T4a,5813.900000000001
10112,VS,5813.900000000001
37270,Mi1,5814.0
85126,T4a,5814.0
125288,Tm3,5814.0
91987,T4c,5814.1
115636,T4d,5814.1
107529,T4d,5814.200000000001
99292,T4a,5814.200000000001
107075,T4d,5814.200000000001
42675,Mi1,5814.200000000001
43978,Mi1,5814.200000000001
34933,Mi1,5814.3
35234,Mi1,5814.3
48547,TmY3,5814.3
71161,T2a,5814.3
71475,Tm3,5814.3
74375,Tm3,5814.3
100310,T4d,5814.4
10284,VS,5814.4
41659,Mi1,5814.4
14209,Li28,5814.500000000001
15263,Li28,5814.500000000001
10016,HSE,5814.500000000001
77676,T2a,5814.6
99950,T4c,5814.6
100018,T4a,5814.6
100785,T4b,5814.6
106200,T4c,5814.6
34849,Mi1,5814.7
56564,Mi1,5814.7
65671,Mi1,5814.7
78561,Tm3,5814.7
99011,T4c,5814.7
78968,Tm3,5814.8
89290,T4d,5814.8
10025,H2,5814.8
88922,T4c,5814.8
38230,Mi1,5814.900000000001
94983,T4c,5814.900000000001
36275,Mi1,5815.0
68562,T2a,5815.0
103425,T4a,5815.1
98099,T4b,5815.1
102791,T4c,5815.1
111746,Tm3,5815.1
120312,Tm3,5815.2
107031,T4b,5815.2
35405,Mi1,5815.2
69063,Mi1,5815.2
95005,T4a,5815.2
68933,Tm3,5815.3
70289,Mi1,5815.3
110403,T4b,5815.3
34626,Mi1,5815.400000000001
36252,Mi1,5815.400000000001
70812,TmY3,5815.5
35100,Mi1,5815.599999999999
41626,Mi1,5815.599999999999
94153,T4d,5815.599999999999
51122,Mi1,5815.700000000001
37000,Mi1,5815.700000000001
31492,Mi1,5815.8
33091,Mi1,5815.8
34862,Mi1,5815.8
35774,Mi1,5815.8
72279,Mi1,5815.8
77395,T4b,5815.8
40426,Mi1,5815.9
113568,T4d,5815.9
105126,T4c,5816.0
99672,T4a,5816.0
96576,T4c,5816.0
35845,Mi1,5816.0
33462,Mi1,5816.0
10023,HSS,5816.1
10206,VS,5816.1
69793,T2a,5816.1
78503,T2a,5816.2
67971,Tm3,5816.2
101480,T4c,5816.2
41296,Mi1,5816.2
37699,Mi1,5816.2
64260,T2,5816.2
10015,HSN,5816.3
35447,Mi1,5816.3
40854,Mi1,5816.3
50345,TmY3,5816.3
74927,Tm3,5816.3
37037,Mi1,5816.400000000001
38893,Mi1,5816.400000000001
47686,TmY3,5816.400000000001
90121,T4b,5816.400000000001
100282,T4a,5816.400000000001
111416,Tm3,5816.5
63868,T2a,5816.5
79483,Tm3,5816.5
11981,Li28,5816.6
42006,TmY3,5816.6
100033,T4c,5816.6
100956,T4d,5816.6
93021,T4a,5816.7
60856,T2a,5816.7
101770,T4b,5816.7
35001,Mi1,5816.7
42691,Mi1,5816.7
39743,Mi1,5816.8
55101,Mi1,5816.8
65009,T2,5816.8
68982,Tm3,5816.8
99863,T4d,5816.8
33446,Mi1,5816.900000000001
35712,Mi1,5816.900000000001
104008,T4b,5817.0
77527,T4a,5817.0
46662,TmY3,5817.099999999999
35806,Mi1,5817.099999999999
33216,Mi1,5817.099999999999
36305,Mi1,5817.200000000001
100319,T4b,5817.200000000001
98118,T4c,5817.3
36139,Mi1,5817.4
102229,T4d,5817.5
102031,T4c,5817.5
118260,T4d,5817.5
37839,Mi1,5817.5
87358,T4a,5817.5
15019,Li28,5817.6
37294,Mi1,5817.6
38514,Mi1,5817.6
116716,T4b,5817.7
52328,TmY3,5817.7
76524,Tm3,5817.7
84328,T4a,5817.7
88625,T4c,5817.7
104905,T4c,5817.7
34045,Mi1,5817.8
96676,T4b,5817.8
10755,H1,5817.8
39505,Mi1,5817.9
100032,T4c,5817.9
35428,Mi1,5817.9
10037,VS,5818.0
16545,Li28,5818.0
44119,Mi1,5818.0
95458,T4d,5818.0
98325,T4d,5818.0
99348,T4c,5818.1
102425,T4b,5818.1
123490,Tm3,5818.1
101383,T4b,5818.2
99387,T4a,5818.2
34296,Mi1,5818.2
97249,T4d,5818.2
35770,Mi1,5818.3
83677,T4c,5818.3
85152,T4c,5818.3
91283,T4c,5818.3
107609,T4d,5818.3
106522,T4d,5818.400000000001
73096,T2a,5818.400000000001
102741,T4c,5818.400000000001
19292,Li28,5818.400000000001
23047,Li28,5818.400000000001
10025,H2,5818.400000000001
30923,TmY3,5818.5
39158,Mi1,5818.599999999999
90465,T4a,5818.599999999999
93025,T4b,5818.599999999999
104191,T4a,5818.599999999999
107170,T4b,5818.599999999999
97878,T4b,5818.700000000001
108948,T4b,5818.700000000001
35498,Mi1,5818.700000000001
37948,Mi1,5818.700000000001
70524,T2a,5818.8
86686,T4c,5818.8
100190,T4c,5818.8
547091,T2,5818.8
38767,Mi1,5818.9
38529,Mi1,5819.0
41654,Mi1,5819.0
94283,T4d,5819.0
105403,T4c,5819.0
93957,T4b,5819.1
10016,HSE,5819.1
98175,T4c,5819.1
108325,T4c,5819.2
97872,T4d,5819.3
104450,T4a,5819.3
39629,Mi1,5819.4
60886,T2a,5819.4
83438,T4a,5819.4
96657,T4c,5819.4
525839,Mi1,5819.4
55976,Mi1,5819.5
91366,T4b,5819.5
39067,Mi1,5819.6
63175,Mi1,5819.6
15909,Li28,5819.6
92415,T4a,5819.7
100855,T4a,5819.7
38241,Mi1,5819.8
40256,Mi1,5819.8
98788,T4d,5819.8
102519,T4a,5819.8
106701,T4d,5819.8
90566,T4d,5819.900000000001
34171,Mi1,5819.900000000001
60857,Mi1,5819.900000000001
88281,T4b,5819.900000000001
105565,Tm3,5820.0
72619,T2a,5820.0
97256,T4c,5820.0
36177,Mi1,5820.1
78421,T2a,5820.1
104256,T4a,5820.1
104853,T4c,5820.1
542412,Mi1,5820.1
90049,T4c,5820.200000000001
34479,Mi1,5820.200000000001
62562,T2,5820.200000000001
80812,T4a,5820.200000000001
109142,T4b,5820.3
89825,T4a,5820.3
20634,VST1,5820.3
33655,Mi1,5820.3
106166,T4b,5820.400000000001
10112,VS,5820.400000000001
34057,Mi1,5820.400000000001
102975,T4b,5820.400000000001
114391,T4d,5820.400000000001
116610,T4d,5820.5
98398,T4c,5820.5
108344,T4d,5820.700000000001
33942,Mi1,5820.700000000001
107719,T4b,5820.700000000001
69164,Mi1,5820.8
100897,T4c,5820.8
118924,Tm3,5820.8
40026,TmY3,5820.9
41668,Mi1,5820.9
59397,Mi1,5820.9
104257,T4b,5821.000000000001
103654,T4b,5821.000000000001
10015,HSN,5821.000000000001
91741,T4d,5821.000000000001
54087,Mi1,5821.2
37599,Mi1,5821.400000000001
39275,Mi1,5821.400000000001
40832,Mi1,5821.400000000001
72955,T2a,5821.400000000001
97899,T4a,5821.400000000001
30997,Mi1,5821.5
94287,T4d,5821.6
44564,TmY3,5821.6
66214,T2a,5821.6
37353,Mi1,5821.6
34300,Mi1,5821.6
41120,Mi1,5821.6
99609,T4a,5821.7
99980,T4c,5821.7
16033,Li28,5821.8
35580,Mi1,5821.8
37019,Mi1,5821.8
40085,Mi1,5821.8
77383,T2a,5821.8
109384,T4d,5821.900000000001
92706,T4a,5822.0
40171,Mi1,5822.0
36217,Mi1,5822.0
10023,HSS,5822.0
32893,Mi1,5822.0
34938,Mi1,5822.0
17596,Li28,5822.1
35602,Mi1,5822.1
58862,Mi1,5822.1
83365,T2a,5822.1
67113,Mi1,5822.200000000001
125171,Tm3,5822.200000000001
90219,T4a,5822.200000000001
35934,Mi1,5822.200000000001
34369,Mi1,5822.200000000001
34899,Mi1,5822.200000000001
10025,H2,5822.3
40596,Mi1,5822.3
97677,T4c,5822.3
95242,T4d,5822.4
98194,T4d,5822.4
37391,Mi1,5822.4
40635,Mi1,5822.4
34867,Mi1,5822.500000000001
41950,Mi1,5822.500000000001
83979,T4a,5822.500000000001
78172,TmY3,5822.6
35152,Mi1,5822.6
38208,Mi1,5822.6
65513,T2a,5822.6
35840,Mi1,5822.7
112775,T4d,5822.7
10206,VS,5822.7
35017,Mi1,5822.8
57398,Mi1,5822.8
92047,T4c,5822.8
95972,T4d,5822.8
96199,T4a,5822.8
98312,T4a,5822.8
91913,T4b,5822.900000000001
103022,T4a,5822.900000000001
91057,T4c,5822.900000000001
35416,Mi1,5822.900000000001
92842,T4a,5823.0
101685,T4b,5823.0
10037,VS,5823.1
17280,Li28,5823.1
38768,Mi1,5823.1
39405,Mi1,5823.1
41809,Mi1,5823.1
85074,T4a,5823.2
62078,Mi1,5823.2
101302,T4d,5823.2
34356,Mi1,5823.2
11134,VSm,5823.2
37853,Mi1,5823.2
37529,Mi1,5823.3
87845,T4a,5823.3
35897,Mi1,5823.3
36954,Mi1,5823.3
48286,Mi1,5823.400000000001
78805,T2a,5823.400000000001
10016,HSE,5823.400000000001
38238,Mi1,5823.400000000001
35218,Mi1,5823.5
49324,Mi1,5823.5
78731,Tm3,5823.5
10012,VS,5823.599999999999
16596,Li28,5823.599999999999
37371,Mi1,5823.700000000001
71674,T2a,5823.700000000001
77480,Tm3,5823.700000000001
108847,T4d,5823.700000000001
107445,T4a,5823.8
103025,T4a,5823.8
71398,Tm3,5823.8
92684,T4c,5823.8
36540,Mi1,5823.9
105962,T4b,5823.9
47967,Mi1,5824.0
76038,Tm3,5824.0
93566,T4a,5824.0
97675,T4c,5824.1
537004,VSm,5824.1
96090,T4c,5824.1
95017,T4c,5824.1
36410,Mi1,5824.1
33907,Mi1,5824.1
36533,Mi1,5824.2
38479,Mi1,5824.2
97866,T4d,5824.2
526158,Mi1,5824.2
38178,Mi1,5824.3
94886,T4d,5824.3
33017,Mi1,5824.400000000001
79271,T4a,5824.400000000001
92939,T4b,5824.5
91682,T4b,5824.5
133040,Tm3,5824.6
34189,Mi1,5824.7
35888,Mi1,5824.7
41435,Mi1,5824.7
89368,T4c,5824.7
95356,T4a,5824.7
98751,T4a,5824.7
99663,T4c,5824.7
74231,Tm3,5824.8
73828,Tm3,5824.8
32535,Mi1,5824.8
63994,Mi1,5824.8
38791,Mi1,5824.900000000001
72005,Tm3,5824.900000000001
93865,T4c,5824.900000000001
97784,T4c,5824.900000000001
114088,T4d,5825.0
100867,T4b,5825.099999999999
102801,T4b,5825.099999999999
96081,T4a,5825.200000000001
104674,T4a,5825.200000000001
95681,T4a,5825.3
91444,T4c,5825.3
72148,Tm3,5825.3
36446,Mi1,5825.3
10112,VS,5825.3
39438,Mi1,5825.3
66808,Tm3,5825.4
37243,Mi1,5825.4
74725,T2a,5825.4
10755,H1,5825.4
31848,Mi1,5825.4
102991,T4c,5825.5
97853,T4c,5825.5
88460,T2a,5825.5
34463,Mi1,5825.5
42895,Mi1,5825.5
10015,HSN,5825.5
71773,T2a,5825.5
102147,T4c,5825.6
100787,T4b,5825.6
93527,T4a,5825.6
96134,T4b,5825.6
44449,TmY3,5825.6
36994,Mi1,5825.6
35836,Mi1,5825.6
88167,T4b,5825.6
20264,Li28,5825.7
37123,Mi1,5825.7
98467,T4d,5825.7
100105,T4a,5825.7
78856,Tm3,5825.8
40944,Mi1,5825.8
101215,T4c,5825.8
92254,T4b,5825.9
107442,T4d,5825.9
91469,T4c,5825.9
37631,Mi1,5825.9
36452,Mi1,5825.9
35235,Mi1,5825.9
64149,Mi1,5825.9
58945,Tm3,5826.0
70490,Mi1,5826.0
10025,H2,5826.1
85924,T4a,5826.1
92281,T4c,5826.1
136741,Tm3,5826.1
106401,T4d,5826.2
90520,T4a,5826.2
53065,Mi1,5826.2
59959,Mi1,5826.2
35045,Mi1,5826.3
75377,T2a,5826.3
95554,T4b,5826.3
106801,T4c,5826.3
110693,Tm3,5826.400000000001
92552,T4a,5826.400000000001
104703,T4d,5826.400000000001
79646,Tm3,5826.400000000001
41545,Mi1,5826.400000000001
82038,Tm3,5826.400000000001
106922,T4c,5826.5
104858,T4b,5826.5
104414,T4d,5826.5
15909,Li28,5826.5
37568,Mi1,5826.5
83067,T4b,5826.5
93688,T4a,5826.599999999999
111857,T4d,5826.599999999999
37113,Mi1,5826.700000000001
102595,T4d,5826.700000000001
104297,T4a,5826.700000000001
107143,T4d,5826.700000000001
107621,T4d,5826.700000000001
34142,Mi1,5826.8
47962,TmY3,5826.8
71938,T2a,5826.8
111928,T4b,5826.8
103440,T4d,5826.9
42119,Mi1,5826.9
112321,T4d,5826.9
93166,T4c,5827.0
38133,Mi1,5827.0
118385,T4b,5827.1
98300,T4a,5827.1
93419,T4b,5827.1
12521,HST,5827.1
34079,Mi1,5827.1
16545,Li28,5827.1
35234,Mi1,5827.1
10023,HSS,5827.2
38721,Mi1,5827.2
42594,Mi1,5827.2
66980,T2a,5827.2
94549,T4b,5827.2
108697,T4d,5827.3
94468,T4c,5827.3
93750,T4c,5827.3
86419,Tm3,5827.3
65671,Mi1,5827.3
36911,Mi1,5827.4
48986,TmY3,5827.4
68212,T2a,5827.4
95883,T4a,5827.4
101228,T4a,5827.4
47240,TmY3,5827.5
93509,T4b,5827.6
63420,Mi1,5827.6
38993,Mi1,5827.6
10016,HSE,5827.6
10037,VS,5827.6
34933,Mi1,5827.6
101244,T4b,5827.7
98226,T4b,5827.7
66345,T2a,5827.7
127153,Tm3,5827.7
40219,Mi1,5827.7
11981,Li28,5827.7
42675,Mi1,5827.7
40703,Mi1,5827.8
93360,T4b,5827.8
105718,T4b,5827.8
66227,Tm3,5827.900000000001
81215,Tm3,5827.900000000001
127615,Tm3,5827.900000000001
65531,T2a,5828.0
39718,Mi1,5828.1
69961,Tm3,5828.1
38987,Mi1,5828.1
71089,Mi1,5828.200000000001
91345,T4c,5828.200000000001
49372,TmY3,5828.200000000001
35405,Mi1,5828.400000000001
39692,TmY3,5828.400000000001
102564,T4a,5828.400000000001
103570,T4d,5828.400000000001
36646,Mi1,5828.5
108824,T4d,5828.5
95453,T4a,5828.6
95810,T2a,5828.6
104336,T4b,5828.6
117662,T4d,5828.700000000001
67150,T2a,5828.700000000001
99670,T4c,5828.8
103073,T4a,5828.8
77991,Tm3,5828.9
90097,T4c,5828.9
98381,T4d,5828.9
34862,Mi1,5829.000000000001
56564,Mi1,5829.000000000001
76733,Tm3,5829.000000000001
96295,T4b,5829.000000000001
15263,Li28,5829.1
51231,TmY3,5829.1
10206,VS,5829.1
35447,Mi1,5829.2
36346,Mi1,5829.2
48607,TmY3,5829.2
36252,Mi1,5829.3
37270,Mi1,5829.3
38893,Mi1,5829.3
89784,T4b,5829.3
114817,T4d,5829.3
91806,T4a,5829.400000000001
98862,Tm3,5829.400000000001
35774,Mi1,5829.400000000001
37699,Mi1,5829.400000000001
41626,Mi1,5829.400000000001
38230,Mi1,5829.5
47368,TmY3,5829.5
69546,Tm3,5829.5
104942,T4a,5829.5
97161,T4a,5829.6
34849,Mi1,5829.6
95926,T4a,5829.6
10112,VS,5829.6
33462,Mi1,5829.6
86778,T4a,5829.7
80855,Tm3,5829.7
72558,T2a,5829.7
69736,Tm3,5829.7
35806,Mi1,5829.8
68522,T2a,5829.8
80302,T2a,5829.8
105412,T4a,5829.8
105521,T4c,5829.900000000001
101043,T4c,5829.900000000001
84008,T4c,5829.900000000001
94953,T4d,5829.900000000001
35890,Mi1,5829.900000000001
10025,H2,5829.900000000001
48894,TmY3,5829.900000000001
10015,HSN,5830.0
35845,Mi1,5830.0
72279,Mi1,5830.0
76074,Tm3,5830.0
98668,T4a,5830.0
84063,T4b,5830.099999999999
90423,T4b,5830.099999999999
81836,T2a,5830.099999999999
74287,Tm3,5830.099999999999
51122,Mi1,5830.099999999999
34626,Mi1,5830.099999999999
37037,Mi1,5830.200000000001
40426,Mi1,5830.200000000001
39651,Mi1,5830.3
55101,Mi1,5830.3
98448,T4b,5830.3
104683,T4b,5830.4
104027,T4d,5830.4
97105,T4d,5830.4
87873,T4b,5830.4
33216,Mi1,5830.4
93972,T4a,5830.4
95364,T4d,5830.500000000001
36139,Mi1,5830.500000000001
70289,Mi1,5830.500000000001
79257,Tm3,5830.500000000001
98887,T4b,5830.500000000001
69980,Tm3,5830.6
36305,Mi1,5830.6
98137,T4d,5830.6
35100,Mi1,5830.6
33091,Mi1,5830.6
36275,Mi1,5830.6
94743,T4d,5830.7
69063,Mi1,5830.7
37000,Mi1,5830.7
41296,Mi1,5830.7
96365,T4a,5830.8
100206,T4c,5830.900000000001
105214,T4c,5830.900000000001
171349687,Tm3,5830.900000000001
80358,Tm3,5831.0
33446,Mi1,5831.1
35770,Mi1,5831.1
40854,Mi1,5831.1
93935,T4a,5831.2
41659,Mi1,5831.2
35001,Mi1,5831.2
14209,Li28,5831.2
35712,Mi1,5831.2
88491,T4a,5831.3
80670,T4a,5831.400000000001
16033,Li28,5831.400000000001
34296,Mi1,5831.400000000001
39743,Mi1,5831.400000000001
69186,Tm3,5831.400000000001
69228,T2a,5831.400000000001
96163,T4b,5831.5
10284,VS,5831.5
42691,Mi1,5831.5
10016,HSE,5831.599999999999
39158,Mi1,5831.599999999999
67072,T2a,5831.700000000001
94305,T4a,5831.700000000001
94356,T4c,5831.700000000001
104354,T4b,5831.700000000001
64897,T2,5831.8
95677,T4c,5831.9
103160,T4a,5831.9
98360,T4c,5832.0
38514,Mi1,5832.0
38767,Mi1,5832.0
37839,Mi1,5832.1
92114,T4c,5832.2
43978,Mi1,5832.2
57247,TmY3,5832.2
98654,T4d,5832.2
81401,T4b,5832.3
117627,Tm3,5832.3
71765,T2a,5832.3
35428,Mi1,5832.3
37948,Mi1,5832.3
10037,VS,5832.3
23047,Li28,5832.400000000001
31492,Mi1,5832.400000000001
48514,TmY3,5832.400000000001
72066,Tm3,5832.400000000001
74023,T2a,5832.400000000001
95239,T4a,5832.5
87896,T4a,5832.5
86416,T4a,5832.5
49788,TmY3,5832.5
48283,TmY3,5832.5
39505,Mi1,5832.5
34045,Mi1,5832.5
44119,Mi1,5832.6
78848,Tm3,5832.6
89434,T4c,5832.6
94574,T4c,5832.6
116311,T4d,5832.6
89099,T4a,5832.7
85598,T4b,5832.7
75660,T2a,5832.7
10023,HSS,5832.7
35498,Mi1,5832.8
55976,Mi1,5832.8
91313,T4a,5832.8
92839,T4b,5832.8
100633,T4a,5832.8
133349,Tm3,5832.8
83583,T4d,5832.900000000001
89020,T4a,5832.900000000001
92996,T4a,5832.900000000001
94081,T4c,5832.900000000001
102045,T4a,5832.900000000001
94058,T4b,5833.0
15019,Li28,5833.0
90567,T4b,5833.0
95822,T4b,5833.0
112744,T4d,5833.099999999999
94624,T4a,5833.099999999999
95335,T4a,5833.200000000001
105292,T4b,5833.200000000001
37294,Mi1,5833.200000000001
64341,TmY3,5833.200000000001
106819,T4b,5833.3
103226,T4d,5833.4
77982,T2a,5833.4
100261,T4c,5833.4
10755,H1,5833.4
40256,Mi1,5833.4
10025,H2,5833.5
39067,Mi1,5833.5
96812,T4a,5833.6
97288,T4c,5833.7
47696,TmY3,5833.7
38241,Mi1,5833.7
54885,TmY3,5833.7
15909,Li28,5833.7
10112,VS,5833.7
33655,Mi1,5833.7
34171,Mi1,5833.8
39275,Mi1,5833.8
89934,T4d,5833.8
19292,Li28,5833.9
34057,Mi1,5833.9
34479,Mi1,5833.9
38529,Mi1,5833.9
111184,T4a,5834.0
88726,T4b,5834.0
120016,Tm3,5834.0
77138,Tm3,5834.0
86175,T4a,5834.0
41654,Mi1,5834.1
83465,T4a,5834.1
92046,T4d,5834.1
71052,T2a,5834.2
81995,Tm3,5834.2
88698,T4a,5834.2
97193,T4a,5834.2
106295,T4b,5834.2
122233,Tm3,5834.2
106912,Tm3,5834.3
83204,T4d,5834.3
36177,Mi1,5834.3
100838,T4c,5834.400000000001
101081,T4c,5834.400000000001
10015,HSN,5834.5
16545,Li28,5834.5
33942,Mi1,5834.5
73284,T2a,5834.5
102016,T4a,5834.5
99011,T4c,5834.599999999999
48547,TmY3,5834.599999999999
78911,Tm3,5834.599999999999
112619,T4d,5834.599999999999
69164,Mi1,5834.700000000001
59397,Mi1,5834.8
75848,T2a,5834.8
94368,T4a,5834.8
537004,VSm,5834.8
67113,Mi1,5834.9
99423,T4d,5834.9
532850,Tm3,5834.9
542412,Mi1,5835.0
96211,T4d,5835.0
90259,T4d,5835.0
41668,Mi1,5835.0
17280,Li28,5835.0
36217,Mi1,5835.2
54087,Mi1,5835.2
63175,Mi1,5835.2
90206,T4b,5835.2
101873,T4b,5835.2
101878,T4a,5835.3
90112,T4c,5835.3
89290,T4d,5835.3
98985,T4c,5835.3
78422,Tm3,5835.3
40171,Mi1,5835.3
10016,HSE,5835.3
87390,T2a,5835.3
34300,Mi1,5835.4
91629,T4a,5835.4
72896,Tm3,5835.5
94567,T4c,5835.5
112993,T4b,5835.5
34369,Mi1,5835.6
35602,Mi1,5835.6
122308,Tm3,5835.6
525839,Mi1,5835.7
101772,Tm3,5835.7
97028,T4c,5835.7
60857,Mi1,5835.7
37353,Mi1,5835.7
41120,Mi1,5835.7
39629,Mi1,5835.7
49324,Mi1,5835.7
35152,Mi1,5835.8
37019,Mi1,5835.8
97318,T4d,5835.8
96394,T4b,5835.900000000001
100087,T4b,5835.900000000001
92644,T4d,5835.900000000001
46993,T2a,5835.900000000001
58862,Mi1,5835.900000000001
35934,Mi1,5835.900000000001
88152,T4c,5835.900000000001
10206,VS,5836.1
34867,Mi1,5836.1
35017,Mi1,5836.1
35580,Mi1,5836.1
37599,Mi1,5836.1
38208,Mi1,5836.1
88353,T4b,5836.1
90145,T4a,5836.200000000001
73320,T2,5836.200000000001
35897,Mi1,5836.200000000001
40832,Mi1,5836.200000000001
17596,Li28,5836.3
50333,TmY3,5836.3
82855,Tm3,5836.3
10037,VS,5836.400000000001
32893,Mi1,5836.400000000001
37371,Mi1,5836.400000000001
40085,Mi1,5836.400000000001
109172,T4b,5836.400000000001
96126,T4b,5836.5
69380,Tm3,5836.5
11981,Li28,5836.5
83191,T4a,5836.6
10012,VS,5836.700000000001
83438,T4a,5836.700000000001
90121,T4b,5836.700000000001
85126,T4a,5836.8
108307,T4b,5836.8
92431,T4a,5836.9
121816,T4a,5836.9
115511,T4d,5836.9
105135,T4c,5836.9
102462,T4c,5836.9
94283,T4d,5836.9
62078,Mi1,5836.9
40596,Mi1,5836.9
39405,Mi1,5836.9
34899,Mi1,5836.9
94179,T4a,5836.9
103425,T4a,5837.000000000001
35840,Mi1,5837.000000000001
109857,T4d,5837.000000000001
102113,T4b,5837.1
101480,T4c,5837.1
30997,Mi1,5837.1
90419,T4b,5837.1
72796,Tm3,5837.2
95007,T4a,5837.2
10025,H2,5837.3
34356,Mi1,5837.3
47967,Mi1,5837.3
11134,VSm,5837.400000000001
37853,Mi1,5837.400000000001
110988,T4a,5837.5
95985,T4c,5837.5
90135,T4c,5837.5
74373,Tm3,5837.5
38238,Mi1,5837.5
35416,Mi1,5837.5
16596,Li28,5837.5
63050,T2a,5837.5
10023,HSS,5837.6
102579,T4b,5837.7
88922,T4c,5837.7
101589,T4a,5837.7
37529,Mi1,5837.8
36540,Mi1,5837.8
36410,Mi1,5837.8
33017,Mi1,5837.900000000001
40635,Mi1,5837.900000000001
69597,Tm3,5837.900000000001
96576,T4c,5837.900000000001
10112,VS,5838.0
33907,Mi1,5838.0
35888,Mi1,5838.0
36533,Mi1,5838.0
83689,T4a,5838.0
38791,Mi1,5838.200000000001
98846,T4c,5838.200000000001
103479,T4c,5838.200000000001
99628,T4b,5838.3
99922,T4c,5838.3
89728,Tm3,5838.3
102479,T4c,5838.3
37243,Mi1,5838.3
35218,Mi1,5838.3
38768,Mi1,5838.3
68982,Tm3,5838.4
88992,T4c,5838.4
67152,Tm3,5838.4
37391,Mi1,5838.500000000001
72194,Tm3,5838.500000000001
95005,T4a,5838.500000000001
100033,T4c,5838.500000000001
34463,Mi1,5838.6
34938,Mi1,5838.6
74937,T2a,5838.8
98349,T4a,5838.8
32535,Mi1,5838.8
37123,Mi1,5838.8
45005,TmY3,5838.900000000001
57398,Mi1,5838.900000000001
93025,T4b,5838.900000000001
100946,T4c,5838.900000000001
107240,T4b,5838.900000000001
41809,Mi1,5839.0
70490,Mi1,5839.0
526158,Mi1,5839.0
59959,Mi1,5839.1
36954,Mi1,5839.1
101463,T4d,5839.1
10015,HSN,5839.1
10016,HSE,5839.1
38479,Mi1,5839.2
41950,Mi1,5839.2
61659,Tm3,5839.2
36446,Mi1,5839.3
48286,Mi1,5839.3
90474,T4b,5839.3
97878,T4b,5839.400000000001
85378,T4a,5839.400000000001
98504,T4c,5839.400000000001
64149,Mi1,5839.400000000001
77527,T4a,5839.400000000001
63468,Mi1,5839.5
96728,T4c,5839.5
22108,TmY3,5839.599999999999
90430,T2a,5839.599999999999
104450,T4a,5839.599999999999
106522,T4d,5839.599999999999
109593,Tm3,5839.599999999999
35045,Mi1,5839.700000000001
87358,T4a,5839.700000000001
40944,Mi1,5839.8
99292,T4a,5839.9
86536,Tm3,5839.9
38178,Mi1,5839.9
15909,Li28,5839.9
71131,Tm3,5839.9
97231,T4a,5840.0
97899,T4a,5840.0
107529,T4d,5840.1
38993,Mi1,5840.1
41522,Mi1,5840.1
70812,TmY3,5840.1
86696,T4d,5840.1
96424,T4b,5840.1
100488,T4c,5840.1
101620,T4b,5840.1
101732,T4c,5840.2
92281,T4c,5840.2
90888,T4b,5840.2
74927,Tm3,5840.2
109652,T4d,5840.2
41545,Mi1,5840.2
41435,Mi1,5840.2
35836,Mi1,5840.2
34933,Mi1,5840.2
71475,Tm3,5840.2
113686,T4d,5840.3
80812,T4a,5840.3
10037,VS,5840.3
40026,TmY3,5840.3
46324,TmY3,5840.3
20264,Li28,5840.400000000001
87289,T4a,5840.400000000001
99731,T4c,5840.400000000001
99950,T4c,5840.400000000001
63994,Mi1,5840.5
77779,T2a,5840.5
34142,Mi1,5840.5
53065,Mi1,5840.5
20634,VST1,5840.6
36911,Mi1,5840.6
37631,Mi1,5840.6
38721,Mi1,5840.6
42758,Mi1,5840.6
92181,T4a,5840.6
74228,Tm3,5840.7
36994,Mi1,5840.7
94224,T4b,5840.7
120231,Tm3,5840.8
93224,T4a,5840.8
90219,T4a,5840.8
36452,Mi1,5840.8
12521,HST,5840.900000000001
16033,Li28,5840.900000000001
31848,Mi1,5840.900000000001
34189,Mi1,5840.900000000001
91674,T4a,5840.900000000001
92047,T4c,5840.900000000001
103725,T4a,5840.900000000001
108199,T4c,5841.0
91913,T4b,5841.0
44564,TmY3,5841.0
35234,Mi1,5841.0
34079,Mi1,5841.0
66808,Tm3,5841.099999999999
108349,T4d,5841.099999999999
37568,Mi1,5841.200000000001
39692,TmY3,5841.200000000001
101230,T4a,5841.200000000001
102975,T4b,5841.200000000001
110646,T4b,5841.200000000001
65671,Mi1,5841.3
91469,T4c,5841.3
42594,Mi1,5841.3
10025,H2,5841.4
37113,Mi1,5841.4
38133,Mi1,5841.4
42119,Mi1,5841.4
52485,TmY3,5841.4
98118,T4c,5841.4
104301,T4b,5841.4
46827,Mi1,5841.5
132339,Tm3,5841.5
112179,T4b,5841.5
91987,T4c,5841.5
42895,Mi1,5841.5
42006,TmY3,5841.5
10755,H1,5841.5
40703,Mi1,5841.6
63420,Mi1,5841.6
95287,T4a,5841.6
16545,Li28,5841.7
56564,Mi1,5841.7
77254,Tm3,5841.7
101245,T4a,5841.8
128916,Tm3,5841.8
84328,T4a,5841.8
63868,T2a,5841.8
38227,Mi1,5841.8
36660,Mi1,5841.8
97256,T4c,5841.9
108438,T4d,5841.9
110403,T4b,5841.9
111416,Tm3,5841.9
102519,T4a,5842.0
85837,Tm3,5842.0
99671,T4c,5842.0
37270,Mi1,5842.0
71188,T2a,5842.0
89825,T4a,5842.1
98837,T4c,5842.1
34862,Mi1,5842.2
39438,Mi1,5842.2
99131,T4c,5842.2
109996,T4c,5842.2
90278,T4a,5842.3
85778,T4b,5842.3
107010,T4d,5842.3
36346,Mi1,5842.3
35235,Mi1,5842.3
82099,T4b,5842.3
10112,VS,5842.400000000001
38987,Mi1,5842.5
75381,Tm3,5842.5
93021,T4a,5842.5
10023,HSS,5842.599999999999
86141,T4b,5842.599999999999
100956,T4d,5842.599999999999
107170,T4b,5842.599999999999
105126,T4c,5842.700000000001
96090,T4c,5842.700000000001
93985,T4c,5842.700000000001
35173,Mi1,5842.700000000001
35405,Mi1,5842.700000000001
10016,HSE,5842.700000000001
72989,Tm3,5842.700000000001
105565,Tm3,5842.8
35890,Mi1,5842.8
94755,T4a,5842.8
96931,T4b,5842.8
97326,T4c,5842.8
104996,T4a,5842.8
101005,T4d,5842.9
94153,T4d,5842.9
107031,T4b,5842.9
83677,T4c,5842.9
40219,Mi1,5842.9
67971,Tm3,5842.9
38230,Mi1,5842.9
36305,Mi1,5842.9
84010,Tm3,5843.1
103314,T4b,5843.1
10015,HSN,5843.2
36252,Mi1,5843.2
42675,Mi1,5843.2
52350,Mi1,5843.2
102741,T4c,5843.3
72983,T2a,5843.3
35447,Mi1,5843.3
70289,Mi1,5843.3
34849,Mi1,5843.4
37699,Mi1,5843.4
83125,T4b,5843.4
96852,T4a,5843.4
61401,T2a,5843.500000000001
91303,T4b,5843.500000000001
55101,Mi1,5843.500000000001
87722,T2a,5843.500000000001
37000,Mi1,5843.500000000001
35774,Mi1,5843.500000000001
39718,Mi1,5843.500000000001
38893,Mi1,5843.6
72279,Mi1,5843.6
102388,T4d,5843.6
103657,T4b,5843.6
107159,T4b,5843.6
109598,T4b,5843.6
104412,T4a,5843.7
75521,T2a,5843.7
73807,Tm3,5843.7
51122,Mi1,5843.7
37037,Mi1,5843.7
35770,Mi1,5843.7
66227,Tm3,5843.7
36646,Mi1,5843.8
41626,Mi1,5843.8
91057,T4c,5843.8
94668,T4d,5843.8
103827,T4c,5843.900000000001
35806,Mi1,5843.900000000001
96035,T4d,5843.900000000001
109649,T4c,5843.900000000001
96676,T4b,5844.0
33462,Mi1,5844.0
35001,Mi1,5844.1
60856,T2a,5844.1
78503,T2a,5844.1
100855,T4a,5844.1
97171,T4d,5844.2
103022,T4a,5844.2
15263,Li28,5844.3
33216,Mi1,5844.3
41296,Mi1,5844.3
116129,T4b,5844.400000000001
100105,T4a,5844.400000000001
93927,T4a,5844.400000000001
33446,Mi1,5844.400000000001
90371,T4d,5844.5
99348,T4c,5844.5
102791,T4c,5844.5
109536,T4d,5844.5
34296,Mi1,5844.6
38767,Mi1,5844.6
101215,T4c,5844.6
104257,T4b,5844.6
83556,Tm3,5844.6
71089,Mi1,5844.700000000001
10037,VS,5844.700000000001
42533,TmY3,5844.700000000001
11981,Li28,5844.8
36139,Mi1,5844.8
40426,Mi1,5844.8
93750,T4c,5844.8
100501,T4b,5844.8
100567,T4d,5844.9
10284,VS,5844.9
93527,T4a,5844.9
68562,T2a,5845.000000000001
92640,T4d,5845.000000000001
94089,T4d,5845.000000000001
87424,T4d,5845.1
93877,T4c,5845.1
60886,T2a,5845.2
67150,T2a,5845.2
39158,Mi1,5845.2
95356,T4a,5845.2
34626,Mi1,5845.2
10025,H2,5845.2
38514,Mi1,5845.2
96003,T4d,5845.2
89368,T4c,5845.3
35845,Mi1,5845.400000000001
99387,T4a,5845.400000000001
93166,T4c,5845.400000000001
85152,T4c,5845.400000000001
72426,Tm3,5845.400000000001
105698,T4c,5845.400000000001
69063,Mi1,5845.400000000001
47368,TmY3,5845.400000000001
44244,TmY3,5845.400000000001
39651,Mi1,5845.400000000001
71161,T2a,5845.400000000001
33091,Mi1,5845.5
35100,Mi1,5845.5
37948,Mi1,5845.5
91366,T4b,5845.5
104853,T4c,5845.5
47465,TmY3,5845.6
92842,T4a,5845.6
95883,T4a,5845.7
98194,T4d,5845.7
91325,T4a,5845.7
92939,T4b,5845.7
44592,TmY3,5845.7
35712,Mi1,5845.7
14209,Li28,5845.7
71394,T2a,5845.7
42691,Mi1,5845.8
44449,TmY3,5845.8
93509,T4b,5845.8
97675,T4c,5845.8
98175,T4c,5845.8
111852,T4a,5845.8
39743,Mi1,5845.900000000001
100319,T4b,5846.0
87845,T4a,5846.0
83067,T4b,5846.0
17280,Li28,5846.0
10206,VS,5846.0
68342,Tm3,5846.0
40854,Mi1,5846.099999999999
97769,T4a,5846.099999999999
100282,T4a,5846.099999999999
102229,T4d,5846.099999999999
94549,T4b,5846.200000000001
106952,T4b,5846.200000000001
95554,T4b,5846.200000000001
88815,T4d,5846.200000000001
34057,Mi1,5846.200000000001
36275,Mi1,5846.200000000001
15909,Li28,5846.200000000001
10016,HSE,5846.200000000001
41659,Mi1,5846.3
88625,T4c,5846.3
111380,Tm3,5846.4
102425,T4b,5846.4
98439,T4a,5846.4
102801,T4b,5846.4
37294,Mi1,5846.4
35498,Mi1,5846.4
37839,Mi1,5846.4
43978,Mi1,5846.500000000001
55976,Mi1,5846.500000000001
100310,T4d,5846.500000000001
102112,T4c,5846.500000000001
106701,T4d,5846.500000000001
110910,Tm3,5846.500000000001
107075,T4d,5846.6
537004,VSm,5846.6
95017,T4c,5846.6
66345,T2a,5846.6
53075,TmY3,5846.6
94948,T4c,5846.6
77791,T2a,5846.7
84063,T4b,5846.7
101770,T4b,5846.8
10112,VS,5846.8
39275,Mi1,5846.8
40256,Mi1,5846.8
52328,TmY3,5846.8
10012,VS,5846.900000000001
33655,Mi1,5846.900000000001
79449,T4b,5846.900000000001
91283,T4c,5846.900000000001
101685,T4b,5846.900000000001
90049,T4c,5847.0
98887,T4b,5847.0
34045,Mi1,5847.0
104008,T4b,5847.0
50345,TmY3,5847.1
10015,HSN,5847.1
102031,T4c,5847.1
62894,Tm3,5847.2
97866,T4d,5847.2
77226,T2a,5847.2
51231,TmY3,5847.2
75590,T2a,5847.2
23047,Li28,5847.3
34171,Mi1,5847.3
36177,Mi1,5847.3
38241,Mi1,5847.3
77891,Tm3,5847.3
93313,T4a,5847.400000000001
96784,T4b,5847.400000000001
83979,T4a,5847.400000000001
39505,Mi1,5847.5
43334,TmY3,5847.5
59008,Mi1,5847.5
59397,Mi1,5847.5
92706,T4a,5847.5
92082,T4b,5847.599999999999
112241,T4b,5847.599999999999
99663,T4c,5847.599999999999
40936,Mi1,5847.599999999999
95458,T4d,5847.599999999999
35724,Mi1,5847.599999999999
35428,Mi1,5847.599999999999
33942,Mi1,5847.599999999999
10023,HSS,5847.599999999999
38529,Mi1,5847.599999999999
104191,T4a,5847.700000000001
40171,Mi1,5847.8
46662,TmY3,5847.8
77395,T4b,5847.8
102147,T4c,5847.8
120312,Tm3,5847.9
108325,T4c,5847.9
86778,T4a,5847.9
10269,OA-AL2i2,5847.9
39727,Mi1,5848.0
129235,Tm3,5848.0
10755,H1,5848.1
95681,T4a,5848.1
44119,Mi1,5848.2
90423,T4b,5848.2
98099,T4b,5848.2
103780,T4c,5848.2
100924,T4b,5848.3
93419,T4b,5848.3
105122,T4b,5848.3
67113,Mi1,5848.3
89142,T4b,5848.3
35602,Mi1,5848.400000000001
74287,Tm3,5848.400000000001
107640,T4c,5848.400000000001
45948,TmY3,5848.5
16033,Li28,5848.6
34369,Mi1,5848.6
64849,Tm3,5848.6
106922,T4c,5848.6
105403,T4c,5848.7
100785,T4b,5848.7
10025,H2,5848.7
34479,Mi1,5848.7
39067,Mi1,5848.8
93360,T4b,5848.8
104368,T4c,5848.8
108065,T4c,5848.8
122961,T4d,5848.8
36217,Mi1,5848.900000000001
91806,T4a,5848.900000000001
109142,T4b,5848.900000000001
106664,T4c,5849.0
100680,T4d,5849.0
79483,Tm3,5849.0
31492,Mi1,5849.0
60857,Mi1,5849.0
19292,Li28,5849.0
79271,T4a,5849.0
38238,Mi1,5849.099999999999
41654,Mi1,5849.099999999999
69164,Mi1,5849.099999999999
10037,VS,5849.200000000001
40085,Mi1,5849.200000000001
58862,Mi1,5849.200000000001
112393,T4a,5849.200000000001
92114,T4c,5849.3
70642,T2a,5849.3
16545,Li28,5849.3
37371,Mi1,5849.3
15019,Li28,5849.4
37353,Mi1,5849.4
98312,T4a,5849.4
78968,Tm3,5849.5
104256,T4a,5849.5
106401,T4d,5849.5
101994,T4a,5849.6
542412,Mi1,5849.6
98788,T4d,5849.6
35897,Mi1,5849.6
41668,Mi1,5849.7
86416,T4a,5849.7
33017,Mi1,5849.8
34300,Mi1,5849.8
49324,Mi1,5849.8
90097,T4c,5849.8
96657,T4c,5849.8
103025,T4a,5849.8
95453,T4a,5849.9
64579,T2,5849.9
10016,HSE,5849.9
16596,Li28,5850.0
34867,Mi1,5850.0
40596,Mi1,5850.0
41120,Mi1,5850.0
72955,T2a,5850.0
89784,T4b,5850.0
93957,T4b,5850.0
104884,T4b,5850.1
525839,Mi1,5850.1
39629,Mi1,5850.2
35934,Mi1,5850.2
35152,Mi1,5850.2
11134,VSm,5850.3
35580,Mi1,5850.3
36533,Mi1,5850.3
54087,Mi1,5850.3
72619,T2a,5850.3
103654,T4b,5850.3
38208,Mi1,5850.400000000001
32893,Mi1,5850.400000000001
64712,T2a,5850.400000000001
93566,T4a,5850.400000000001
105115,T4d,5850.400000000001
107719,T4b,5850.400000000001
82515,Tm3,5850.5
104336,T4b,5850.5
36158,Mi1,5850.5
39405,Mi1,5850.5
97677,T4c,5850.599999999999
89434,T4c,5850.599999999999
35840,Mi1,5850.599999999999
97835,T4a,5850.700000000001
61292,T2,5850.700000000001
37599,Mi1,5850.700000000001
47686,TmY3,5850.700000000001
36410,Mi1,5850.8
61768,T2,5850.8
104858,T4b,5850.8
63175,Mi1,5850.9
113171,T4b,5850.9
526158,Mi1,5851.0
100018,T4a,5851.0
77846,Tm3,5851.0
74860,Tm3,5851.0
38857,Mi1,5851.0
37529,Mi1,5851.0
10015,HSN,5851.0
34356,Mi1,5851.1
40832,Mi1,5851.1
106840,T4b,5851.1
106745,T4b,5851.200000000001
101228,T4a,5851.200000000001
98398,T4c,5851.200000000001
76325,T2a,5851.200000000001
10112,VS,5851.200000000001
35017,Mi1,5851.3
101772,Tm3,5851.3
102991,T4c,5851.3
17596,Li28,5851.4
30923,TmY3,5851.4
103302,T4c,5851.4
62078,Mi1,5851.500000000001
68842,TmY3,5851.500000000001
82211,T2a,5851.500000000001
33110,Mi1,5851.6
47967,Mi1,5851.6
88281,T4b,5851.6
91682,T4b,5851.6
122273,Tm3,5851.6
37853,Mi1,5851.7
30997,Mi1,5851.7
37019,Mi1,5851.8
95921,T4c,5851.900000000001
38791,Mi1,5851.900000000001
107445,T4a,5851.900000000001
78856,Tm3,5852.0
65298,T2a,5852.0
48547,TmY3,5852.1
117151,T4d,5852.2
71228,T2a,5852.2
36954,Mi1,5852.2
37243,Mi1,5852.2
10025,H2,5852.2
107609,T4d,5852.3
113207,T4d,5852.3
35888,Mi1,5852.400000000001
49441,TmY3,5852.400000000001
100726,T4d,5852.400000000001
111746,Tm3,5852.5
102564,T4a,5852.5
35218,Mi1,5852.5
34899,Mi1,5852.5
38768,Mi1,5852.5
118948,T4d,5852.6
11981,Li28,5852.6
15909,Li28,5852.6
41809,Mi1,5852.6
91444,T4c,5852.6
90394,T4a,5852.700000000001
108948,T4b,5852.700000000001
10023,HSS,5852.700000000001
62272,T2,5852.700000000001
34933,Mi1,5852.8
36540,Mi1,5852.8
38648,Mi1,5852.8
91345,T4c,5852.8
96295,T4b,5852.8
107442,T4d,5852.8
123490,Tm3,5852.9
93947,T4a,5852.9
112048,T4c,5852.9
70524,T2a,5852.9
86419,Tm3,5852.9
37123,Mi1,5853.000000000001
38479,Mi1,5853.000000000001
40944,Mi1,5853.000000000001
70281,T2a,5853.000000000001
75484,Tm3,5853.000000000001
97853,T4c,5853.000000000001
69540,TmY3,5853.1
79646,Tm3,5853.1
108876,T4c,5853.2
80855,Tm3,5853.2
96134,T4b,5853.2
56007,TmY3,5853.2
59959,Mi1,5853.2
34463,Mi1,5853.2
36446,Mi1,5853.3
36452,Mi1,5853.3
64149,Mi1,5853.3
100867,T4b,5853.3
33907,Mi1,5853.400000000001
40635,Mi1,5853.400000000001
68412,T2a,5853.400000000001
122233,Tm3,5853.5
71402,Tm3,5853.5
37391,Mi1,5853.5
68212,T2a,5853.5
10206,VS,5853.6
70800,Tm3,5853.6
99670,T4c,5853.6
34938,Mi1,5853.7
10016,HSE,5853.7
10037,VS,5853.7
69546,Tm3,5853.7
111928,T4b,5853.8
34189,Mi1,5853.8
10755,H1,5853.900000000001
100190,T4c,5853.900000000001
103570,T4d,5853.900000000001
35045,Mi1,5854.0
35234,Mi1,5854.0
35416,Mi1,5854.0
39692,TmY3,5854.0
70490,Mi1,5854.0
92993,Tm3,5854.0
48283,TmY3,5854.099999999999
37270,Mi1,5854.099999999999
56564,Mi1,5854.200000000001
63994,Mi1,5854.200000000001
73301,Tm3,5854.200000000001
97784,T4c,5854.200000000001
32535,Mi1,5854.3
41950,Mi1,5854.3
94356,T4c,5854.3
71583,Tm3,5854.4
85074,T4a,5854.4
105962,T4b,5854.4
89139,T4c,5854.500000000001
69889,T2a,5854.500000000001
105242,T4c,5854.500000000001
38421,Mi1,5854.500000000001
48286,Mi1,5854.500000000001
31848,Mi1,5854.500000000001
100897,T4c,5854.6
34079,Mi1,5854.7
35836,Mi1,5854.7
36911,Mi1,5854.7
37568,Mi1,5854.7
38993,Mi1,5854.7
42594,Mi1,5854.7
92684,T4c,5854.7
100032,T4c,5854.8
106821,T4b,5854.8
48986,TmY3,5854.8
34142,Mi1,5854.900000000001
57398,Mi1,5854.900000000001
64633,T2a,5854.900000000001
69961,Tm3,5854.900000000001
106200,T4c,5854.900000000001
547091,T2,5854.900000000001
38178,Mi1,5855.0
74375,Tm3,5855.0
109631,T4b,5855.0
93972,T4a,5855.1
39894,T4b,5855.1
10015,HSN,5855.1
67072,T2a,5855.1
37631,Mi1,5855.2
41435,Mi1,5855.2
42758,Mi1,5855.2
63468,Mi1,5855.2
72148,Tm3,5855.2
95239,T4a,5855.2
98300,T4a,5855.2
100165,T4b,5855.2
65671,Mi1,5855.3
110693,Tm3,5855.3
40703,Mi1,5855.3
96163,T4b,5855.3
97480,T4c,5855.400000000001
16570,VST2,5855.400000000001
36994,Mi1,5855.400000000001
38721,Mi1,5855.400000000001
41545,Mi1,5855.400000000001
100787,T4b,5855.400000000001
97186,T4a,5855.5
102975,T4b,5855.5
72558,T2a,5855.5
10284,VS,5855.5
42119,Mi1,5855.5
16033,Li28,5855.599999999999
20264,Li28,5855.599999999999
37088,Mi1,5855.599999999999
43414,Mi1,5855.599999999999
59864,Tm3,5855.599999999999
96126,T4b,5855.599999999999
100996,T4b,5855.599999999999
102479,T4c,5855.599999999999
107211,T4d,5855.700000000001
103677,T4b,5855.700000000001
10025,H2,5855.700000000001
66980,T2a,5855.700000000001
10112,VS,5855.8
40219,Mi1,5855.8
56762,TmY3,5855.8
105412,T4a,5855.8
121170,Tm3,5855.8
98325,T4d,5855.9
93688,T4a,5855.9
99011,T4c,5855.9
63420,Mi1,5855.9
83583,T4d,5855.9
76621,T2a,5856.0
83438,T4a,5856.0
41709,Mi1,5856.1
42895,Mi1,5856.1
69228,T2a,5856.1
86630,Tm3,5856.1
92431,T4a,5856.1
94743,T4d,5856.1
96576,T4c,5856.1
102579,T4b,5856.1
106844,T4d,5856.2
53065,Mi1,5856.2
94983,T4c,5856.2
34862,Mi1,5856.3
37113,Mi1,5856.3
38230,Mi1,5856.3
41522,Mi1,5856.3
88491,T4a,5856.3
99850,T4a,5856.3
36252,Mi1,5856.400000000001
70289,Mi1,5856.400000000001
92552,T4a,5856.400000000001
94624,T4a,5856.400000000001
68933,Tm3,5856.5
65513,T2a,5856.5
35405,Mi1,5856.6
38133,Mi1,5856.6
67719,T2a,5856.6
80670,T4a,5856.6
81883,T2a,5856.6
84267,T4c,5856.6
99163,T4a,5856.6
102703,T4a,5856.6
109916,T4d,5856.6
83227,Tm3,5856.7
10012,VS,5856.7
42048,Mi1,5856.7
94305,T4a,5856.8
99863,T4d,5856.8
101480,T4c,5856.8
105521,T4c,5856.8
95926,T4a,5856.900000000001
101302,T4d,5856.900000000001
48060,Mi1,5856.900000000001
98625,T4a,5856.900000000001
37699,Mi1,5856.900000000001
17280,Li28,5856.900000000001
39438,Mi1,5856.900000000001
37000,Mi1,5857.0
37037,Mi1,5857.0
65531,T2a,5857.0
66808,Tm3,5857.0
83639,T2a,5857.0
34849,Mi1,5857.099999999999
36660,Mi1,5857.099999999999
106801,T4c,5857.099999999999
88167,T4b,5857.200000000001
46827,Mi1,5857.200000000001
35001,Mi1,5857.200000000001
35447,Mi1,5857.200000000001
16545,Li28,5857.3
36139,Mi1,5857.3
36305,Mi1,5857.3
51122,Mi1,5857.3
96812,T4a,5857.3
104130,T4a,5857.3
94574,T4c,5857.4
103497,Tm3,5857.4
91510,T4c,5857.4
95822,T4b,5857.4
38987,Mi1,5857.4
76733,Tm3,5857.4
20808,LC4,5857.4
50333,TmY3,5857.5
90219,T4a,5857.5
84008,T4c,5857.6
118385,T4b,5857.6
38227,Mi1,5857.6
64260,T2,5857.6
35235,Mi1,5857.7
80812,T4a,5857.7
94179,T4a,5857.7
96365,T4a,5857.7
62089,Tm3,5857.8
99519,T4a,5857.8
88698,T4a,5857.8
78561,Tm3,5857.8
40426,Mi1,5857.8
10016,HSE,5857.8
35774,Mi1,5857.8
35770,Mi1,5857.8
34404,Mi1,5857.8
35890,Mi1,5857.8
94468,T4c,5857.9
103073,T4a,5857.9
97885,T4a,5857.9
42872,Mi1,5857.9
33462,Mi1,5857.9
40411,Mi1,5857.9
38893,Mi1,5857.9
36346,Mi1,5857.9
41296,Mi1,5857.9
68840,TmY3,5858.0
94283,T4d,5858.0
128726,Tm3,5858.1
55101,Mi1,5858.1
104478,T4d,5858.1
41804,Mi1,5858.1
42675,Mi1,5858.1
35806,Mi1,5858.2
38767,Mi1,5858.2
40026,TmY3,5858.2
58945,Tm3,5858.2
97028,T4c,5858.2
98890,T4c,5858.2
100946,T4c,5858.2
127615,Tm3,5858.299999999999
79704,T4d,5858.299999999999
10023,HSS,5858.299999999999
33216,Mi1,5858.299999999999
36646,Mi1,5858.400000000001
52350,Mi1,5858.400000000001
106535,T4d,5858.400000000001
117221,T4c,5858.400000000001
35712,Mi1,5858.5
38514,Mi1,5858.5
41613,Mi1,5858.5
39718,Mi1,5858.599999999999
74231,Tm3,5858.599999999999
86686,T4c,5858.599999999999
91934,T4a,5858.599999999999
97161,T4a,5858.599999999999
104972,T4a,5858.599999999999
125171,Tm3,5858.700000000001
72279,Mi1,5858.700000000001
46248,Mi1,5858.700000000001
48607,TmY3,5858.700000000001
35100,Mi1,5858.700000000001
33446,Mi1,5858.700000000001
46230,TmY3,5858.700000000001
15909,Li28,5858.8
34296,Mi1,5858.8
71089,Mi1,5858.8
95972,T4d,5858.8
96774,T4c,5858.900000000001
10037,VS,5858.900000000001
47962,TmY3,5858.900000000001
66604,TmY3,5859.0
69441,Tm3,5859.0
112744,T4d,5859.0
68982,Tm3,5859.1
95007,T4a,5859.200000000001
72005,Tm3,5859.200000000001
97288,T4c,5859.200000000001
35512,Mi1,5859.200000000001
37948,Mi1,5859.200000000001
107621,T4d,5859.200000000001
104683,T4b,5859.3
102045,T4a,5859.3
112633,T4b,5859.3
100673,T4b,5859.3
100046,T4b,5859.3
78108,T2a,5859.3
48531,Mi1,5859.3
10015,HSN,5859.3
35498,Mi1,5859.4
35845,Mi1,5859.4
97899,T4a,5859.4
101945,T4b,5859.4
109326,T4c,5859.500000000001
98360,T4c,5859.500000000001
90112,T4c,5859.500000000001
15263,Li28,5859.500000000001
10025,H2,5859.500000000001
33655,Mi1,5859.500000000001
34626,Mi1,5859.6
41626,Mi1,5859.6
98381,T4d,5859.6
100033,T4c,5859.6
105565,Tm3,5859.6
121816,T4a,5859.6
91629,T4a,5859.7
99980,T4c,5859.7
76524,Tm3,5859.7
10755,H1,5859.7
39651,Mi1,5859.7
69980,Tm3,5859.7
12521,HST,5859.8
47211,Mi1,5859.8
90145,T4a,5859.8
92047,T4c,5859.8
39743,Mi1,5859.900000000001
77383,T2a,5859.900000000001
104017,T4b,5860.0
98668,T4a,5860.0
37839,Mi1,5860.0
39158,Mi1,5860.0
77307,Tm3,5860.0
79345,T2a,5860.1
91313,T4a,5860.1
82038,Tm3,5860.1
79134,Tm3,5860.1
97145,T4c,5860.1
69063,Mi1,5860.1
36684,Mi1,5860.1
35173,Mi1,5860.1
72938,T2a,5860.1
103867,T4a,5860.1
74159,Tm3,5860.2
59397,Mi1,5860.2
71765,T2a,5860.2
39275,Mi1,5860.2
36881,Mi1,5860.2
40256,Mi1,5860.2
92281,T4c,5860.3
76074,Tm3,5860.3
11981,Li28,5860.3
67971,Tm3,5860.3
53156,TmY3,5860.400000000001
68485,T2a,5860.400000000001
83465,T4a,5860.400000000001
84328,T4a,5860.400000000001
89099,T4a,5860.400000000001
98751,T4a,5860.400000000001
102370,T4c,5860.400000000001
85126,T4a,5860.5
94081,T4c,5860.6
67308,Mi1,5860.6
10112,VS,5860.6
42691,Mi1,5860.6
34171,Mi1,5860.700000000001
36177,Mi1,5860.700000000001
57239,Mi1,5860.700000000001
91469,T4c,5860.700000000001
37294,Mi1,5860.8
49372,TmY3,5860.8
104297,T4a,5860.8
107529,T4d,5860.8
118924,Tm3,5860.8
537004,VSm,5860.9
89290,T4d,5860.9
76788,T4b,5860.9
14209,Li28,5860.9
85856,TmY3,5860.9
114391,T4d,5861.000000000001
103425,T4a,5861.000000000001
102799,T4c,5861.000000000001
98654,T4d,5861.000000000001
109384,T4d,5861.000000000001
65850,T2a,5861.000000000001
55976,Mi1,5861.000000000001
35602,Mi1,5861.000000000001
88726,T4b,5861.000000000001
64341,TmY3,5861.1
78597,T2a,5861.1
90888,T4b,5861.1
114088,T4d,5861.1
87896,T4a,5861.2
34057,Mi1,5861.2
37138,Mi1,5861.2
96835,T4b,5861.3
95629,T4c,5861.3
111184,T4a,5861.3
90520,T4a,5861.3
44564,TmY3,5861.3
83365,T2a,5861.3
38241,Mi1,5861.3
33942,Mi1,5861.3
44449,TmY3,5861.400000000001
99609,T4a,5861.400000000001
106793,T4d,5861.400000000001
67113,Mi1,5861.5
108907,T4c,5861.5
124345,T4d,5861.6
122308,Tm3,5861.6
110076,T4c,5861.6
108344,T4d,5861.6
98175,T4c,5861.6
104450,T4a,5861.6
56291,TmY3,5861.6
23047,Li28,5861.6
104905,T4c,5861.6
92254,T4b,5861.7
10016,HSE,5861.7
10206,VS,5861.7
110742,T4c,5861.8
43978,Mi1,5861.8
35428,Mi1,5861.8
33017,Mi1,5861.900000000001
95528,T4d,5861.900000000001
100087,T4b,5861.900000000001
116633,T4c,5861.900000000001
34045,Mi1,5862.0
54885,TmY3,5862.0
58862,Mi1,5862.0
90121,T4b,5862.0
93025,T4b,5862.0
93166,T4c,5862.0
104144,T2,5862.0
106166,T4b,5862.0
78911,Tm3,5862.099999999999
93407,T4d,5862.099999999999
77480,Tm3,5862.099999999999
94368,T4a,5862.099999999999
40171,Mi1,5862.099999999999
36275,Mi1,5862.099999999999
40854,Mi1,5862.099999999999
105718,T4b,5862.200000000001
41654,Mi1,5862.200000000001
34479,Mi1,5862.200000000001
34369,Mi1,5862.200000000001
33091,Mi1,5862.3
93865,T4c,5862.3
103557,T4a,5862.3
16033,Li28,5862.4
35897,Mi1,5862.4
90566,T4d,5862.4
92839,T4b,5862.4
171349687,Tm3,5862.4
44119,Mi1,5862.500000000001
88992,T4c,5862.6
83689,T4a,5862.6
47696,TmY3,5862.6
38238,Mi1,5862.6
41668,Mi1,5862.6
47368,TmY3,5862.6
98985,T4c,5862.7
126163,Tm3,5862.7
106912,Tm3,5862.7
102153,T4c,5862.7
100838,T4c,5862.7
97878,T4b,5862.7
96081,T4a,5862.7
90027,T4c,5862.7
87412,T4c,5862.7
40596,Mi1,5862.7
39505,Mi1,5862.7
38529,Mi1,5862.7
97105,T4d,5862.7
19292,Li28,5862.8
37371,Mi1,5862.8
48894,TmY3,5862.8
67424,T2,5862.8
94058,T4b,5862.900000000001
106295,T4b,5862.900000000001
108847,T4d,5862.900000000001
542412,Mi1,5862.900000000001
69164,Mi1,5863.0
59008,Mi1,5863.0
81015,T4a,5863.0
35724,Mi1,5863.0
10023,HSS,5863.0
35934,Mi1,5863.0
87289,T4a,5863.0
60857,Mi1,5863.1
48514,TmY3,5863.1
10015,HSN,5863.2
37353,Mi1,5863.2
74023,T2a,5863.2
97231,T4a,5863.2
149504,T4d,5863.2
97872,T4d,5863.3
75298,T2a,5863.3
66227,Tm3,5863.3
40936,Mi1,5863.3
16596,Li28,5863.3
54087,Mi1,5863.3
98194,T4d,5863.400000000001
10025,H2,5863.400000000001
36217,Mi1,5863.400000000001
39067,Mi1,5863.400000000001
40085,Mi1,5863.400000000001
41659,Mi1,5863.400000000001
85378,T4a,5863.400000000001
112775,T4d,5863.5
35734,Mi1,5863.5
84063,T4b,5863.5
10037,VS,5863.599999999999
36533,Mi1,5863.599999999999
95453,T4a,5863.700000000001
67150,T2a,5863.700000000001
69380,Tm3,5863.700000000001
73828,Tm3,5863.700000000001
91913,T4b,5863.700000000001
92644,T4d,5863.700000000001
93509,T4b,5863.700000000001
104703,T4d,5863.700000000001
65468,T2,5863.8
43323,Mi1,5863.8
35580,Mi1,5863.8
67408,Mi1,5863.8
31492,Mi1,5863.8
16545,Li28,5863.8
35152,Mi1,5863.8
73284,T2a,5863.8
87358,T4a,5863.9
100206,T4c,5863.9
74927,Tm3,5863.9
107105,T4d,5863.9
49324,Mi1,5863.9
34867,Mi1,5863.9
51191,TmY3,5863.9
105276,T4d,5864.0
36158,Mi1,5864.0
38791,Mi1,5864.1
39727,Mi1,5864.1
98467,T4d,5864.1
119245,T4d,5864.1
39629,Mi1,5864.2
41120,Mi1,5864.2
90465,T4a,5864.2
95356,T4a,5864.2
96199,T4a,5864.2
101383,T4b,5864.3
100488,T4c,5864.3
97256,T4c,5864.3
34356,Mi1,5864.3
93750,T4c,5864.3
38208,Mi1,5864.3
95005,T4a,5864.3
66214,T2a,5864.400000000001
35840,Mi1,5864.400000000001
83204,T4d,5864.400000000001
94471,T4a,5864.5
92706,T4a,5864.5
11134,VSm,5864.6
15019,Li28,5864.6
37555,Mi1,5864.6
51848,TmY3,5864.6
77527,T4a,5864.6
88922,T4c,5864.6
96211,T4d,5864.7
99950,T4c,5864.7
116610,T4d,5864.7
40832,Mi1,5864.8
95985,T4c,5864.8
96003,T4d,5864.8
90419,T4b,5864.900000000001
62078,Mi1,5864.900000000001
36452,Mi1,5864.900000000001
99672,T4a,5864.900000000001
34300,Mi1,5864.900000000001
10112,VS,5864.900000000001
36410,Mi1,5864.900000000001
32893,Mi1,5865.0
97675,T4c,5865.0
10284,VS,5865.0
15909,Li28,5865.0
37599,Mi1,5865.099999999999
114698,T4b,5865.099999999999
105332,T4b,5865.099999999999
104414,T4d,5865.099999999999
100633,T4a,5865.099999999999
525839,Mi1,5865.099999999999
47967,Mi1,5865.099999999999
39692,TmY3,5865.099999999999
39405,Mi1,5865.099999999999
79083,Tm3,5865.099999999999
44746,TmY3,5865.200000000001
87873,T4b,5865.200000000001
91366,T4b,5865.200000000001
92668,T2a,5865.200000000001
93334,T4b,5865.200000000001
109996,T4c,5865.200000000001
42533,TmY3,5865.200000000001
101245,T4a,5865.3
88398,T4a,5865.3
91741,T4d,5865.3
102462,T4c,5865.4
93527,T4a,5865.4
96424,T4b,5865.4
10016,HSE,5865.5
71938,T2a,5865.5
94549,T4b,5865.5
35017,Mi1,5865.6
36540,Mi1,5865.6
87390,T2a,5865.6
92939,T4b,5865.6
63175,Mi1,5865.7
99922,T4c,5865.7
96394,T4b,5865.7
91057,T4c,5865.7
17596,Li28,5865.7
60979,TmY3,5865.7
101463,T4d,5865.7
88625,T4c,5865.7
99316,T4b,5865.8
98349,T4a,5865.8
108307,T4b,5865.8
102845,T4b,5865.8
97193,T4a,5865.8
113983,T4d,5865.8
89282,T4a,5865.8
34933,Mi1,5865.8
92415,T4a,5865.8
83677,T4c,5865.8
67152,Tm3,5865.8
37019,Mi1,5865.9
98862,Tm3,5865.9
88152,T4c,5866.0
81401,T4b,5866.0
127970,Tm3,5866.0
36954,Mi1,5866.0
35218,Mi1,5866.0
37243,Mi1,5866.0
83191,T4a,5866.0
106522,T4d,5866.1
33907,Mi1,5866.1
37270,Mi1,5866.1
37853,Mi1,5866.1
45322,Mi1,5866.1
97184,T4d,5866.1
97318,T4d,5866.1
98118,T4c,5866.1
101215,T4c,5866.1
101865,T4a,5866.2
65307,T2,5866.2
38857,Mi1,5866.2
33326,Mi1,5866.299999999999
35888,Mi1,5866.299999999999
68475,T2a,5866.299999999999
97866,T4d,5866.299999999999
69793,T2a,5866.400000000001
85007,T4c,5866.5
102910,T4b,5866.5
86175,T4a,5866.5
72045,T2a,5866.5
47240,TmY3,5866.5
37529,Mi1,5866.5
36446,Mi1,5866.5
17280,Li28,5866.5
10755,H1,5866.5
20634,VST1,5866.6
51963,TmY3,5866.6
89934,T4d,5866.6
112619,T4d,5866.6
115686,T4b,5866.6
34189,Mi1,5866.700000000001
86778,T4a,5866.700000000001
103022,T4a,5866.8
95883,T4a,5866.8
59959,Mi1,5866.8
35234,Mi1,5866.8
10015,HSN,5866.8
40944,Mi1,5866.8
38768,Mi1,5866.900000000001
71131,Tm3,5866.900000000001
71674,T2a,5866.900000000001
85536,T4a,5866.900000000001
95335,T4a,5866.900000000001
30997,Mi1,5867.0
34463,Mi1,5867.0
90135,T4c,5867.0
108974,T4c,5867.1
101732,T4c,5867.1
99292,T4a,5867.1
34899,Mi1,5867.1
93360,T4b,5867.1
10023,HSS,5867.3
35416,Mi1,5867.3
50345,TmY3,5867.3
103657,T4b,5867.3
104412,T4a,5867.3
91345,T4c,5867.4
95554,T4b,5867.4
109598,T4b,5867.4
49322,TmY3,5867.4
10025,H2,5867.4
37123,Mi1,5867.4
10037,VS,5867.500000000001
31848,Mi1,5867.500000000001
38479,Mi1,5867.500000000001
96090,T4c,5867.500000000001
128396,T4d,5867.500000000001
526158,Mi1,5867.500000000001
80435,T2a,5867.6
64149,Mi1,5867.6
58703,T2,5867.6
10012,VS,5867.6
41809,Mi1,5867.6
45319,Mi1,5867.7
40635,Mi1,5867.8
103344,T4b,5867.8
104858,T4b,5867.8
107297,T4c,5867.8
118502,T4b,5867.8
104354,T4b,5867.900000000001
108065,T4c,5867.900000000001
98504,T4c,5867.900000000001
41950,Mi1,5867.900000000001
56564,Mi1,5867.900000000001
38230,Mi1,5867.900000000001
112179,T4b,5868.0
103314,T4b,5868.0
85152,T4c,5868.0
77623,T2a,5868.0
133040,Tm3,5868.0
48547,TmY3,5868.0
44592,TmY3,5868.0
10206,VS,5868.0
66345,T2a,5868.0
41671,TmY3,5868.1
42594,Mi1,5868.1
43689,Mi1,5868.1
110757,T4b,5868.1
40703,Mi1,5868.2
81471,Tm3,5868.2
108349,T4d,5868.2
90278,T4a,5868.3
106886,T4c,5868.3
95681,T4a,5868.3
89728,Tm3,5868.3
89434,T4c,5868.3
79293,Tm3,5868.3
65671,Mi1,5868.3
34938,Mi1,5868.3
33110,Mi1,5868.3
11981,Li28,5868.400000000001
91987,T4c,5868.400000000001
107420,T4b,5868.400000000001
112088,T4d,5868.400000000001
113686,T4d,5868.400000000001
113568,T4d,5868.5
102741,T4c,5868.5
101685,T4b,5868.5
101620,T4b,5868.5
70490,Mi1,5868.5
42119,Mi1,5868.5
48286,Mi1,5868.5
37391,Mi1,5868.5
34079,Mi1,5868.5
63994,Mi1,5868.5
79449,T4b,5868.6
34142,Mi1,5868.6
71475,Tm3,5868.6
110646,T4b,5868.700000000001
72066,Tm3,5868.700000000001
69570,Tm3,5868.700000000001
89368,T4c,5868.8
100310,T4d,5868.8
100785,T4b,5868.8
103271,T4c,5868.8
36911,Mi1,5868.9
38648,Mi1,5868.9
102519,T4a,5868.9
103160,T4a,5868.9
37568,Mi1,5869.000000000001
100282,T4a,5869.000000000001
85924,T4a,5869.1
82099,T4b,5869.1
77138,Tm3,5869.1
35045,Mi1,5869.1
32535,Mi1,5869.1
42758,Mi1,5869.1
10016,HSE,5869.2
10112,VS,5869.2
74937,T2a,5869.2
93985,T4c,5869.2
94287,T4d,5869.2
117627,Tm3,5869.3
117662,T4d,5869.3
109868,Tm3,5869.3
36994,Mi1,5869.3
41545,Mi1,5869.3
38993,Mi1,5869.3
98887,T4b,5869.3
104674,T4a,5869.400000000001
99387,T4a,5869.400000000001
78503,T2a,5869.400000000001
63468,Mi1,5869.400000000001
83682,Tm3,5869.400000000001
38178,Mi1,5869.400000000001
36252,Mi1,5869.400000000001
20808,LC4,5869.400000000001
57398,Mi1,5869.400000000001
16033,Li28,5869.5
89409,T4a,5869.5
90423,T4b,5869.5
95242,T4d,5869.5
104257,T4b,5869.5
100105,T4a,5869.6
113991,T4d,5869.6
91674,T4a,5869.6
41435,Mi1,5869.6
82576,T4b,5869.6
35405,Mi1,5869.6
35001,Mi1,5869.7
36139,Mi1,5869.7
38721,Mi1,5869.7
63868,T2a,5869.7
74725,T2a,5869.7
99348,T4c,5869.7
107143,T4d,5869.7
115636,T4d,5869.8
37631,Mi1,5869.8
102229,T4d,5869.8
70289,Mi1,5869.900000000001
96931,T4b,5869.900000000001
101230,T4a,5869.900000000001
42895,Mi1,5870.0
102801,T4b,5870.0
107170,T4b,5870.099999999999
109023,T4c,5870.099999999999
98137,T4d,5870.099999999999
85598,T4b,5870.099999999999
77395,T4b,5870.099999999999
53065,Mi1,5870.099999999999
37699,Mi1,5870.099999999999
81215,Tm3,5870.099999999999
102147,T4c,5870.200000000001
107031,T4b,5870.200000000001
99628,T4b,5870.200000000001
97677,T4c,5870.200000000001
67131,Tm3,5870.200000000001
35836,Mi1,5870.200000000001
34862,Mi1,5870.200000000001
83583,T4d,5870.200000000001
102564,T4a,5870.3
133349,Tm3,5870.3
83438,T4a,5870.4
95364,T4d,5870.4
39438,Mi1,5870.4
108824,T4d,5870.4
20264,Li28,5870.4
10072,OA-AL2i1,5870.4
37113,Mi1,5870.4
112453,T4c,5870.4
40426,Mi1,5870.500000000001
83067,T4b,5870.500000000001
70158,T2a,5870.500000000001
37000,Mi1,5870.500000000001
43414,Mi1,5870.500000000001
10015,HSN,5870.6
40219,Mi1,5870.6
41522,Mi1,5870.6
10025,H2,5870.7
46662,TmY3,5870.7
51122,Mi1,5870.7
68522,T2a,5870.7
75660,T2a,5870.7
12521,HST,5870.8
66325,Tm3,5870.8
89020,T4a,5870.8
102016,T4a,5870.900000000001
114817,T4d,5870.900000000001
105214,T4c,5870.900000000001
94755,T4a,5870.900000000001
93482,T4d,5870.900000000001
88460,T2a,5870.900000000001
70812,TmY3,5870.900000000001
61968,T2,5870.900000000001
35235,Mi1,5870.900000000001
90567,T4b,5870.900000000001
35447,Mi1,5871.0
38421,Mi1,5871.0
86416,T4a,5871.0
82425,T4b,5871.1
92273,T2a,5871.1
110403,T4b,5871.1
46827,Mi1,5871.2
68562,T2a,5871.2
100956,T4d,5871.2
103025,T4a,5871.2
108438,T4d,5871.2
108675,T4b,5871.3
93927,T4a,5871.3
111980,T4d,5871.3
33446,Mi1,5871.3
10037,VS,5871.3
61659,Tm3,5871.3
100855,T4a,5871.400000000001
537004,VSm,5871.5
63420,Mi1,5871.5
36346,Mi1,5871.5
34849,Mi1,5871.5
33216,Mi1,5871.599999999999
33462,Mi1,5871.599999999999
36646,Mi1,5871.599999999999
38987,Mi1,5871.599999999999
90533,T4c,5871.599999999999
101878,T4a,5871.599999999999
100261,T4c,5871.700000000001
89825,T4a,5871.700000000001
84631,T4c,5871.700000000001
36660,Mi1,5871.700000000001
35770,Mi1,5871.700000000001
10023,HSS,5871.700000000001
37088,Mi1,5871.700000000001
36305,Mi1,5871.8
38514,Mi1,5871.8
96134,T4b,5871.8
91303,T4b,5871.9
98226,T4b,5871.9
61768,T2,5871.9
93604,T4a,5871.9
38227,Mi1,5871.9
34296,Mi1,5871.9
41709,Mi1,5871.9
15909,Li28,5872.0
35774,Mi1,5872.0
37948,Mi1,5872.0
41296,Mi1,5872.0
42006,TmY3,5872.0
79271,T4a,5872.0
101228,T4a,5872.0
107609,T4d,5872.1
99670,T4c,5872.1
83125,T4b,5872.1
55101,Mi1,5872.1
40256,Mi1,5872.1
35806,Mi1,5872.1
16545,Li28,5872.1
42675,Mi1,5872.1
10755,H1,5872.2
33655,Mi1,5872.2
48060,Mi1,5872.2
73619,T2a,5872.2
74287,Tm3,5872.2
111416,Tm3,5872.3
75381,Tm3,5872.3
39718,Mi1,5872.3
42048,Mi1,5872.3
35712,Mi1,5872.4
37509,Mi1,5872.5
54211,TmY3,5872.5
72558,T2a,5872.5
93935,T4a,5872.5
94356,T4c,5872.7
99131,T4c,5872.7
97249,T4d,5872.7
89784,T4b,5872.7
49788,TmY3,5872.7
37037,Mi1,5872.7
10016,HSE,5872.7
52350,Mi1,5872.7
38893,Mi1,5872.8
86536,Tm3,5872.900000000001
71089,Mi1,5872.900000000001
97769,T4a,5872.900000000001
10206,VS,5872.900000000001
39275,Mi1,5872.900000000001
107445,T4a,5873.0
102975,T4b,5873.0
104191,T4a,5873.0
100501,T4b,5873.0
35100,Mi1,5873.0
38133,Mi1,5873.0
37680,Mi1,5873.0
83979,T4a,5873.0
37224,Mi1,5873.099999999999
102031,T4c,5873.099999999999
102791,T4c,5873.099999999999
40411,Mi1,5873.200000000001
42872,Mi1,5873.200000000001
84008,T4c,5873.200000000001
109142,T4b,5873.200000000001
95458,T4d,5873.3
10112,VS,5873.3
59397,Mi1,5873.3
77594,T2a,5873.3
104996,T4a,5873.3
107010,T4d,5873.4
75966,T2a,5873.4
98398,T4c,5873.4
15422,VST2,5873.4
51231,TmY3,5873.4
39158,Mi1,5873.5
79257,Tm3,5873.5
96576,T4c,5873.5
107567,T4c,5873.5
78731,Tm3,5873.6
62894,Tm3,5873.6
72279,Mi1,5873.6
86992,T4b,5873.6
92046,T4d,5873.6
93419,T4b,5873.6
93984,T4b,5873.6
104390,T4a,5873.6
100867,T4b,5873.7
92996,T4a,5873.7
106922,T4c,5873.7
86419,Tm3,5873.7
90259,T4d,5873.7
62856,T2,5873.7
35890,Mi1,5873.7
34404,Mi1,5873.7
79259,T4b,5873.7
32962,TmY3,5873.8
101043,T4c,5873.8
38241,Mi1,5873.9
10025,H2,5873.9
35845,Mi1,5873.9
37044,Mi1,5873.9
38767,Mi1,5873.9
41613,Mi1,5873.9
67308,Mi1,5873.9
85741,T4a,5873.9
90097,T4c,5873.9
95287,T4a,5874.0
96126,T4b,5874.0
67113,Mi1,5874.0
82507,T2a,5874.0
96676,T4b,5874.0
85429,T4d,5874.1
41804,Mi1,5874.1
39651,Mi1,5874.1
78470,Tm3,5874.1
35897,Mi1,5874.1
36177,Mi1,5874.1
11134,VSm,5874.1
35602,Mi1,5874.2
55976,Mi1,5874.2
81996,T2a,5874.2
97853,T4c,5874.2
98846,T4c,5874.2
94567,T4c,5874.3
33942,Mi1,5874.3
41626,Mi1,5874.400000000001
48531,Mi1,5874.400000000001
96219,T4b,5874.400000000001
104256,T4a,5874.400000000001
105403,T4c,5874.400000000001
35498,Mi1,5874.5
42691,Mi1,5874.5
93021,T4a,5874.5
67810,Tm3,5874.6
45005,TmY3,5874.6
116311,T4d,5874.6
10015,HSN,5874.6
33017,Mi1,5874.6
35173,Mi1,5874.700000000001
71052,T2a,5874.700000000001
97171,T4d,5874.700000000001
105521,T4c,5874.700000000001
34171,Mi1,5874.8
34626,Mi1,5874.8
40854,Mi1,5874.8
47211,Mi1,5874.8
108325,T4c,5874.8
100787,T4b,5874.900000000001
98448,T4b,5874.900000000001
91283,T4c,5874.900000000001
15263,Li28,5874.900000000001
10284,VS,5875.0
40171,Mi1,5875.0
87845,T4a,5875.0
90219,T4a,5875.0
90371,T4d,5875.0
105292,T4b,5875.1
39743,Mi1,5875.1
69063,Mi1,5875.1
91806,T4a,5875.1
109172,T4b,5875.1
81995,Tm3,5875.200000000001
75550,Tm3,5875.200000000001
98000,T4b,5875.200000000001
104942,T4a,5875.3
46248,Mi1,5875.3
122290,Tm3,5875.3
37353,Mi1,5875.3
10037,VS,5875.3
38238,Mi1,5875.3
101589,T4a,5875.4
110988,T4a,5875.4
73320,T2,5875.4
73586,Tm3,5875.500000000001
94153,T4d,5875.500000000001
36275,Mi1,5875.500000000001
37371,Mi1,5875.500000000001
34045,Mi1,5875.6
34057,Mi1,5875.6
41536,Mi1,5875.6
43783,Mi1,5875.6
90900,T4a,5875.6
37294,Mi1,5875.7
58862,Mi1,5875.7
95822,T4b,5875.7
97306,T4a,5875.7
122233,Tm3,5875.8
100319,T4b,5875.8
93957,T4b,5875.8
14209,Li28,5875.8
72955,T2a,5875.8
85778,T4b,5875.8
90206,T4b,5875.900000000001
98788,T4d,5875.900000000001
100033,T4c,5875.900000000001
109649,T4c,5876.0
114669,T4b,5876.0
112969,T4c,5876.0
101994,T4a,5876.0
36684,Mi1,5876.0
81836,T2a,5876.0
34479,Mi1,5876.0
23047,Li28,5876.0
94305,T4a,5876.0
101770,T4b,5876.1
91682,T4b,5876.1
75848,T2a,5876.1
92114,T4c,5876.1
35512,Mi1,5876.1
35428,Mi1,5876.1
57239,Mi1,5876.1
112241,T4b,5876.2
10016,HSE,5876.2
11981,Li28,5876.2
16570,VST2,5876.2
33614,Mi1,5876.2
36217,Mi1,5876.2
67072,T2a,5876.2
98099,T4b,5876.2
94668,T4d,5876.3
72796,Tm3,5876.3
71944,T2a,5876.3
41654,Mi1,5876.3
10023,HSS,5876.400000000001
36881,Mi1,5876.400000000001
37839,Mi1,5876.400000000001
41668,Mi1,5876.400000000001
44222,Mi1,5876.400000000001
93224,T4a,5876.400000000001
65833,Mi1,5876.5
117142,T4d,5876.5
43978,Mi1,5876.5
35934,Mi1,5876.6
38529,Mi1,5876.6
39505,Mi1,5876.6
40085,Mi1,5876.6
71398,Tm3,5876.6
542412,Mi1,5876.6
104884,T4b,5876.700000000001
38791,Mi1,5876.700000000001
40596,Mi1,5876.700000000001
75521,T2a,5876.700000000001
78940,T4a,5876.8
37438,Mi1,5876.8
69164,Mi1,5876.8
110071,T4d,5876.9
103780,T4c,5876.9
96035,T4d,5876.9
88353,T4b,5876.9
103654,T4b,5876.9
57486,TmY3,5876.9
44119,Mi1,5876.9
40400,Mi1,5876.9
39692,TmY3,5876.9
72586,Tm3,5876.9
37138,Mi1,5877.000000000001
68342,Tm3,5877.000000000001
98039,T4d,5877.000000000001
106401,T4d,5877.000000000001
44282,Mi1,5877.1
10755,H1,5877.2
39727,Mi1,5877.2
10012,VS,5877.2
10025,H2,5877.2
54087,Mi1,5877.2
96728,T4c,5877.3
102579,T4b,5877.3
72896,Tm3,5877.3
59008,Mi1,5877.3
71228,T2a,5877.3
36452,Mi1,5877.3
10112,VS,5877.3
42856,Mi1,5877.400000000001
60856,T2a,5877.400000000001
60857,Mi1,5877.400000000001
107812,T4a,5877.400000000001
107075,T4d,5877.5
105115,T4d,5877.5
90474,T4b,5877.5
103479,T4c,5877.5
35152,Mi1,5877.5
34300,Mi1,5877.5
78856,Tm3,5877.5
19292,Li28,5877.6
31492,Mi1,5877.6
80812,T4a,5877.6
106093,T4a,5877.6
116716,T4b,5877.6
93877,T4c,5877.7
34369,Mi1,5877.7
39629,Mi1,5877.7
49441,TmY3,5877.7
122273,Tm3,5877.8
16033,Li28,5877.8
101081,T4c,5877.8
77910,Tm3,5877.900000000001
10206,VS,5878.0
35580,Mi1,5878.0
49324,Mi1,5878.0
93688,T4a,5878.0
95017,T4c,5878.0
107640,T4c,5878.0
112321,T4d,5878.0
40936,Mi1,5878.099999999999
112027,T4d,5878.099999999999
33091,Mi1,5878.200000000001
99011,T4c,5878.200000000001
93750,T4c,5878.3
43323,Mi1,5878.3
101302,T4d,5878.3
34356,Mi1,5878.3
36533,Mi1,5878.3
115511,T4d,5878.4
41120,Mi1,5878.4
113207,T4d,5878.4
127153,Tm3,5878.4
102425,T4b,5878.4
38710,Mi1,5878.4
47967,Mi1,5878.4
44564,TmY3,5878.4
49930,TmY3,5878.4
10015,HSN,5878.4
99310,T4a,5878.500000000001
74997,Tm3,5878.500000000001
70112,T2,5878.500000000001
106203,T4d,5878.500000000001
35724,Mi1,5878.500000000001
17280,Li28,5878.500000000001
36158,Mi1,5878.500000000001
39500,Mi1,5878.6
73098,T2a,5878.6
113107,T4a,5878.6
37270,Mi1,5878.7
44449,TmY3,5878.7
84434,Tm3,5878.7
105135,T4c,5878.7
108757,T4c,5878.7
104450,T4a,5878.8
123490,Tm3,5878.8
104336,T4b,5878.8
15909,Li28,5878.8
16596,Li28,5878.8
36410,Mi1,5878.8
104931,T4c,5878.900000000001
33907,Mi1,5879.0
35840,Mi1,5879.0
64540,T2,5879.0
73447,Tm3,5879.0
90796,T4d,5879.1
81064,Tm3,5879.1
67408,Mi1,5879.1
62078,Mi1,5879.1
39067,Mi1,5879.1
40832,Mi1,5879.1
35734,Mi1,5879.1
101772,Tm3,5879.1
60886,T2a,5879.1
109593,Tm3,5879.1
94549,T4b,5879.2
93947,T4a,5879.2
68982,Tm3,5879.2
41659,Mi1,5879.2
38208,Mi1,5879.3
100018,T4a,5879.3
102991,T4c,5879.3
100488,T4c,5879.400000000001
97028,T4c,5879.400000000001
110454,T4d,5879.400000000001
32893,Mi1,5879.400000000001
10037,VS,5879.400000000001
34867,Mi1,5879.400000000001
39405,Mi1,5879.5
96657,T4c,5879.5
112806,T4c,5879.5
525839,Mi1,5879.599999999999
37853,Mi1,5879.599999999999
67971,Tm3,5879.599999999999
103827,T4c,5879.599999999999
105574,T4d,5879.599999999999
117151,T4d,5879.599999999999
35888,Mi1,5879.700000000001
16545,Li28,5879.700000000001
34933,Mi1,5879.8
120231,Tm3,5879.9
104130,T4a,5879.9
96812,T4a,5879.9
95454,T4a,5879.9
92706,T4a,5879.9
99671,T4c,5879.9
80855,Tm3,5879.9
38857,Mi1,5879.9
36446,Mi1,5879.9
10016,HSE,5879.9
92082,T4b,5879.9
34899,Mi1,5880.0
37927,Mi1,5880.0
105126,T4c,5880.0
69546,Tm3,5880.1
106745,T4b,5880.1
82211,T2a,5880.1
39525,Mi1,5880.1
97326,T4c,5880.1
37555,Mi1,5880.1
35218,Mi1,5880.1
37599,Mi1,5880.1
37529,Mi1,5880.1
36540,Mi1,5880.1
37243,Mi1,5880.2
102388,T4d,5880.2
108697,T4d,5880.2
34189,Mi1,5880.3
35017,Mi1,5880.3
70524,T2a,5880.3
35234,Mi1,5880.4
105565,Tm3,5880.4
15019,Li28,5880.4
30997,Mi1,5880.5
36990,Mi1,5880.5
43334,TmY3,5880.5
48986,TmY3,5880.5
85378,T4a,5880.5
94283,T4d,5880.5
95926,T4a,5880.5
96365,T4a,5880.6
112393,T4a,5880.6
94179,T4a,5880.6
91913,T4b,5880.6
10025,H2,5880.6
93566,T4a,5880.6
34463,Mi1,5880.7
37019,Mi1,5880.7
40026,TmY3,5880.7
40235,Mi1,5880.7
68951,TmY3,5880.7
77920,Tm3,5880.7
95356,T4a,5880.7
103867,T4a,5880.8
93509,T4b,5880.8
92957,T4d,5880.8
64849,Tm3,5880.8
35416,Mi1,5880.8
40944,Mi1,5880.8
71773,T2a,5880.900000000001
92281,T4c,5880.900000000001
118948,T4d,5880.900000000001
90145,T4a,5881.0
10023,HSS,5881.0
38230,Mi1,5881.0
38455,Mi1,5881.0
66808,Tm3,5881.0
41950,Mi1,5881.099999999999
92047,T4c,5881.099999999999
36954,Mi1,5881.099999999999
17596,Li28,5881.200000000001
56564,Mi1,5881.200000000001
72194,Tm3,5881.200000000001
38768,Mi1,5881.3
41809,Mi1,5881.3
45322,Mi1,5881.3
72426,Tm3,5881.3
103022,T4a,5881.3
111380,Tm3,5881.4
526158,Mi1,5881.4
94071,T4a,5881.4
36911,Mi1,5881.4
82038,Tm3,5881.4
91444,T4c,5881.4
95453,T4a,5881.5
10112,VS,5881.5
76038,Tm3,5881.5
92684,T4c,5881.5
37123,Mi1,5881.7
537004,VSm,5881.7
34938,Mi1,5881.7
97866,T4d,5881.8
94624,T4a,5881.8
88152,T4c,5881.8
92939,T4b,5881.8
84490,T4a,5881.8
31848,Mi1,5881.8
42758,Mi1,5881.8
34079,Mi1,5881.8
12521,HST,5881.8
64149,Mi1,5881.8
33326,Mi1,5881.9
63175,Mi1,5881.9
87424,T4d,5881.9
90888,T4b,5881.9
103302,T4c,5882.0
10311,VS,5882.0
35405,Mi1,5882.0
65298,T2a,5882.0
84063,T4b,5882.0
98325,T4d,5882.0
92181,T4a,5882.1
82313,T4a,5882.1
34142,Mi1,5882.1
42594,Mi1,5882.1
125288,Tm3,5882.2
111928,T4b,5882.2
10015,HSN,5882.2
59959,Mi1,5882.2
71394,T2a,5882.2
38993,Mi1,5882.3
79483,Tm3,5882.3
36139,Mi1,5882.400000000001
38479,Mi1,5882.400000000001
93166,T4c,5882.5
98194,T4d,5882.5
112048,T4c,5882.6
79875,T4c,5882.6
35045,Mi1,5882.6
45319,Mi1,5882.6
79646,Tm3,5882.6
91469,T4c,5882.700000000001
88698,T4a,5882.8
96295,T4b,5882.8
97784,T4c,5882.8
69961,Tm3,5882.900000000001
103677,T4b,5882.900000000001
72829,T2a,5882.900000000001
70490,Mi1,5882.900000000001
48894,TmY3,5882.900000000001
35836,Mi1,5882.900000000001
32535,Mi1,5882.900000000001
20634,VST1,5882.900000000001
68842,TmY3,5882.900000000001
36252,Mi1,5883.0
37000,Mi1,5883.0
77527,T4a,5883.0
95677,T4c,5883.0
105962,T4b,5883.0
95554,T4b,5883.1
95239,T4a,5883.1
91325,T4a,5883.1
89142,T4b,5883.1
38648,Mi1,5883.1
69597,Tm3,5883.1
42119,Mi1,5883.1
101005,T4d,5883.1
76121,Tm3,5883.1
547091,T2,5883.1
105412,T4a,5883.200000000001
109857,T4d,5883.200000000001
98625,T4a,5883.200000000001
105698,T4c,5883.200000000001
40703,Mi1,5883.200000000001
10755,H1,5883.200000000001
73021,T2a,5883.200000000001
37568,Mi1,5883.200000000001
10016,HSE,5883.3
47962,TmY3,5883.3
48286,Mi1,5883.3
63994,Mi1,5883.3
85126,T4a,5883.3
98175,T4c,5883.3
111857,T4d,5883.3
121816,T4a,5883.4
98381,T4d,5883.4
98139,T4d,5883.4
69228,T2a,5883.4
35001,Mi1,5883.4
82515,Tm3,5883.4
10037,VS,5883.500000000001
10284,VS,5883.500000000001
11981,Li28,5883.500000000001
37113,Mi1,5883.500000000001
43689,Mi1,5883.500000000001
70289,Mi1,5883.500000000001
96090,T4c,5883.500000000001
102045,T4a,5883.6
110555,T4b,5883.6
100946,T4c,5883.6
38178,Mi1,5883.6
57398,Mi1,5883.6
74375,Tm3,5883.6
39438,Mi1,5883.7
87358,T4a,5883.7
98360,T4c,5883.7
108276,T4a,5883.8
80302,T2a,5883.8
100874,T4a,5883.8
33110,Mi1,5883.8
42895,Mi1,5883.8
39894,T4b,5883.900000000001
48930,TmY3,5883.900000000001
89252,T4b,5883.900000000001
90394,T4a,5883.900000000001
92839,T4b,5883.900000000001
100190,T4c,5884.0
103497,Tm3,5884.0
61045,TmY3,5884.0
89139,T4c,5884.0
41545,Mi1,5884.0
59864,Tm3,5884.0
37391,Mi1,5884.0
10206,VS,5884.0
41522,Mi1,5884.1
48283,TmY3,5884.1
92431,T4a,5884.1
99731,T4c,5884.2
92552,T4a,5884.2
41435,Mi1,5884.2
37631,Mi1,5884.2
10025,H2,5884.2
40256,Mi1,5884.2
37699,Mi1,5884.3
63468,Mi1,5884.3
65671,Mi1,5884.3
95921,T4c,5884.3
91313,T4a,5884.400000000001
103725,T4a,5884.400000000001
110693,Tm3,5884.400000000001
90423,T4b,5884.400000000001
99663,T4c,5884.400000000001
81401,T4b,5884.400000000001
66227,Tm3,5884.400000000001
40635,Mi1,5884.400000000001
87289,T4a,5884.400000000001
39718,Mi1,5884.5
40426,Mi1,5884.5
41709,Mi1,5884.5
48514,TmY3,5884.5
53065,Mi1,5884.5
104368,T4c,5884.5
112458,T4b,5884.5
88167,T4b,5884.6
68264,Tm3,5884.6
38721,Mi1,5884.700000000001
86778,T4a,5884.700000000001
88922,T4c,5884.700000000001
90121,T4b,5884.700000000001
94743,T4d,5884.8
15909,Li28,5884.8
34296,Mi1,5884.8
36346,Mi1,5884.8
58945,Tm3,5884.8
88575,T4b,5884.8
90049,T4c,5884.8
93360,T4b,5884.8
98654,T4d,5884.9
63420,Mi1,5884.9
34862,Mi1,5884.9
16033,Li28,5885.000000000001
51122,Mi1,5885.000000000001
89290,T4d,5885.000000000001
111184,T4a,5885.000000000001
35774,Mi1,5885.1
40219,Mi1,5885.1
68212,T2a,5885.1
83438,T4a,5885.1
94948,T4c,5885.1
116129,T4b,5885.2
36994,Mi1,5885.2
33655,Mi1,5885.2
35447,Mi1,5885.2
11134,VSm,5885.3
38514,Mi1,5885.3
78421,T2a,5885.3
102595,T4d,5885.3
109326,T4c,5885.3
119213,T4c,5885.3
98837,T4c,5885.400000000001
95972,T4d,5885.400000000001
69736,Tm3,5885.400000000001
33216,Mi1,5885.400000000001
94574,T4c,5885.400000000001
100838,T4c,5885.5
94468,T4c,5885.5
90112,T4c,5885.5
98439,T4a,5885.5
80197,T4a,5885.5
75135,T2a,5885.5
20264,Li28,5885.5
85856,TmY3,5885.5
99980,T4c,5885.6
35806,Mi1,5885.6
37948,Mi1,5885.6
54885,TmY3,5885.6
94081,T4c,5885.6
96003,T4d,5885.6
107529,T4d,5885.6
71583,Tm3,5885.7
110646,T4b,5885.7
48060,Mi1,5885.7
95985,T4c,5885.7
35235,Mi1,5885.7
10112,VS,5885.7
43414,Mi1,5885.7
10023,HSS,5885.7
39275,Mi1,5885.8
52350,Mi1,5885.8
68535,T2a,5885.8
71765,T2a,5885.8
88491,T4a,5885.8
91057,T4c,5885.8
98467,T4d,5885.900000000001
98300,T4a,5885.900000000001
97105,T4d,5885.900000000001
38421,Mi1,5885.900000000001
36646,Mi1,5885.900000000001
84267,T4c,5885.900000000001
97878,T4b,5886.0
10015,HSN,5886.0
33446,Mi1,5886.0
46827,Mi1,5886.0
55101,Mi1,5886.0
69915,TmY3,5886.0
104027,T4d,5886.0
116451,T4c,5886.099999999999
61292,T2,5886.099999999999
34849,Mi1,5886.200000000001
47368,TmY3,5886.200000000001
84328,T4a,5886.200000000001
91366,T4b,5886.200000000001
98751,T4a,5886.3
97899,T4a,5886.3
91179,T4a,5886.3
96852,T4a,5886.3
50345,TmY3,5886.3
35770,Mi1,5886.3
33462,Mi1,5886.3
71089,Mi1,5886.3
135612,Tm3,5886.4
45948,TmY3,5886.4
56007,TmY3,5886.4
64897,T2,5886.4
71161,T2a,5886.4
77307,Tm3,5886.4
89434,T4c,5886.4
95345,T4d,5886.4
112744,T4d,5886.5
530434,Tm3,5886.5
116114,T4d,5886.5
110910,Tm3,5886.5
67150,T2a,5886.5
38227,Mi1,5886.5
42048,Mi1,5886.5
10012,VS,5886.5
10016,HSE,5886.6
33017,Mi1,5886.6
33942,Mi1,5886.6
42872,Mi1,5886.6
76074,Tm3,5886.6
81015,T4a,5886.6
86141,T4b,5886.6
97256,T4c,5886.6
50333,TmY3,5886.7
106295,T4b,5886.7
96199,T4a,5886.7
38987,Mi1,5886.7
79704,T4d,5886.7
86416,T4a,5886.7
105718,T4b,5886.8
16545,Li28,5886.8
36305,Mi1,5886.8
59397,Mi1,5886.8
104478,T4d,5886.8
93972,T4a,5886.900000000001
74159,Tm3,5886.900000000001
41296,Mi1,5886.900000000001
35602,Mi1,5887.0
48607,TmY3,5887.0
90419,T4b,5887.0
102113,T4b,5887.0
104853,T4c,5887.0
83583,T4d,5887.1
95736,T4c,5887.1
87896,T4a,5887.1
68840,TmY3,5887.1
67113,Mi1,5887.1
46230,TmY3,5887.1
38893,Mi1,5887.1
35890,Mi1,5887.1
35897,Mi1,5887.2
38238,Mi1,5887.2
46324,TmY3,5887.2
72279,Mi1,5887.2
86175,T4a,5887.2
95007,T4a,5887.2
101480,T4c,5887.3
91629,T4a,5887.3
83465,T4a,5887.3
41613,Mi1,5887.3
37037,Mi1,5887.3
42675,Mi1,5887.3
39158,Mi1,5887.400000000001
67308,Mi1,5887.400000000001
88951,Tm3,5887.400000000001
96394,T4b,5887.400000000001
102975,T4b,5887.400000000001
104858,T4b,5887.400000000001
100785,T4b,5887.5
76788,T4b,5887.5
69540,TmY3,5887.5
38241,Mi1,5887.5
64341,TmY3,5887.5
120016,Tm3,5887.599999999999
35845,Mi1,5887.599999999999
42691,Mi1,5887.599999999999
72148,Tm3,5887.599999999999
101742,T4c,5887.599999999999
111685,T4d,5887.599999999999
112944,T4b,5887.700000000001
96931,T4b,5887.700000000001
10025,H2,5887.700000000001
10037,VS,5887.700000000001
35100,Mi1,5887.8
86932,T4b,5887.8
104257,T4b,5887.8
116633,T4c,5887.8
149504,T4d,5887.9
97145,T4c,5887.9
74504,T2a,5887.9
95005,T4a,5887.9
37088,Mi1,5887.9
36660,Mi1,5887.9
36177,Mi1,5887.9
68933,Tm3,5887.9
80670,T4a,5888.0
101244,T4b,5888.0
10322,OA-AL2i2,5888.1
83191,T4a,5888.1
97161,T4a,5888.1
107715,T4a,5888.1
110604,T4a,5888.2
107240,T4b,5888.2
97675,T4c,5888.2
106664,T4c,5888.2
91345,T4c,5888.2
60979,TmY3,5888.2
91987,T4c,5888.2
35173,Mi1,5888.3
39651,Mi1,5888.3
42533,TmY3,5888.3
117221,T4c,5888.4
106701,T4d,5888.4
131823,Tm3,5888.4
37353,Mi1,5888.4
100282,T4a,5888.4
34626,Mi1,5888.5
55976,Mi1,5888.5
69186,Tm3,5888.5
103570,T4d,5888.5
92640,T4d,5888.6
34057,Mi1,5888.6
35712,Mi1,5888.6
37509,Mi1,5888.6
38133,Mi1,5888.6
88625,T4c,5888.7
101463,T4d,5888.7
40171,Mi1,5888.7
85664,TmY3,5888.7
41804,Mi1,5888.8
74927,Tm3,5888.8
81211,Tm3,5888.8
94058,T4b,5888.8
96126,T4b,5888.8
102791,T4c,5888.900000000001
100032,T4c,5888.900000000001
106950,T4c,5888.900000000001
37371,Mi1,5888.900000000001
34479,Mi1,5888.900000000001
62562,T2,5888.900000000001
35498,Mi1,5889.0
36275,Mi1,5889.0
38708,Mi1,5889.0
38791,Mi1,5889.0
58862,Mi1,5889.0
66980,T2a,5889.0
100981,T4d,5889.0
171349687,Tm3,5889.0
100165,T4b,5889.099999999999
99670,T4c,5889.099999999999
91303,T4b,5889.099999999999
48547,TmY3,5889.099999999999
48531,Mi1,5889.099999999999
41626,Mi1,5889.099999999999
39743,Mi1,5889.099999999999
34171,Mi1,5889.099999999999
10755,H1,5889.099999999999
47211,Mi1,5889.099999999999
38767,Mi1,5889.200000000001
78911,Tm3,5889.200000000001
102448,T4d,5889.200000000001
106166,T4b,5889.200000000001
106535,T4d,5889.200000000001
83677,T4c,5889.3
100897,T4c,5889.3
113945,T4d,5889.4
100105,T4a,5889.4
97835,T4a,5889.4
87873,T4b,5889.4
17280,Li28,5889.4
38529,Mi1,5889.4
37224,Mi1,5889.4
34404,Mi1,5889.4
40854,Mi1,5889.4
114088,T4d,5889.5
98887,T4b,5889.5
74044,Tm3,5889.5
71402,Tm3,5889.5
41668,Mi1,5889.5
40505,Mi1,5889.5
36452,Mi1,5889.5
52328,TmY3,5889.5
91222,T4d,5889.6
92644,T4d,5889.6
104683,T4b,5889.6
114391,T4d,5889.7
103425,T4a,5889.7
93564,T4d,5889.7
10023,HSS,5889.7
10015,HSN,5889.7
83689,T4a,5889.7
36684,Mi1,5889.8
37680,Mi1,5889.8
40411,Mi1,5889.8
60510,T2,5889.8
102801,T4b,5889.9
118232,T4d,5889.9
106912,Tm3,5889.9
62757,T2a,5889.9
103440,T4d,5889.9
41654,Mi1,5889.9
10016,HSE,5889.9
10112,VS,5889.9
47696,TmY3,5889.9
41536,Mi1,5889.9
10269,OA-AL2i2,5890.0
15263,Li28,5890.0
99950,T4c,5890.0
108847,T4d,5890.1
97186,T4a,5890.1
85737,T2a,5890.1
98312,T4a,5890.1
79449,T4b,5890.1
66345,T2a,5890.1
41136,Mi1,5890.1
85152,T4c,5890.1
21313,LC4,5890.2
31492,Mi1,5890.2
33766,Mi1,5890.2
44119,Mi1,5890.2
88726,T4b,5890.2
125171,Tm3,5890.2
97769,T4a,5890.3
102703,T4a,5890.3
84010,Tm3,5890.3
87106,T4a,5890.3
39692,TmY3,5890.3
11981,Li28,5890.3
72665,Mi1,5890.3
537004,VSm,5890.400000000001
14209,Li28,5890.400000000001
73284,T2a,5890.400000000001
93527,T4a,5890.400000000001
99423,T4d,5890.400000000001
120312,Tm3,5890.400000000001
130280,Tm3,5890.400000000001
111783,T4a,5890.5
93025,T4b,5890.5
61353,T2,5890.5
37294,Mi1,5890.5
37839,Mi1,5890.5
34045,Mi1,5890.5
52485,TmY3,5890.5
99157,T4a,5890.6
85074,T4a,5890.6
542412,Mi1,5890.6
74023,T2a,5890.6
77891,Tm3,5890.6
69063,Mi1,5890.700000000001
10206,VS,5890.700000000001
23047,Li28,5890.700000000001
15909,Li28,5890.8
35152,Mi1,5890.8
35512,Mi1,5890.8
37270,Mi1,5890.8
46248,Mi1,5890.8
93865,T4c,5890.8
93985,T4c,5890.8
96211,T4d,5890.8
100673,T4b,5890.8
109384,T4d,5890.900000000001
121245,Tm3,5890.900000000001
108974,T4c,5890.900000000001
106522,T4d,5890.900000000001
101245,T4a,5890.900000000001
39164,Mi1,5890.900000000001
78968,Tm3,5890.900000000001
57239,Mi1,5890.900000000001
39727,Mi1,5890.900000000001
37044,Mi1,5890.900000000001
88992,T4c,5890.900000000001
151155,T4b,5891.0
121170,Tm3,5891.0
95883,T4a,5891.0
36881,Mi1,5891.0
39505,Mi1,5891.0
69980,Tm3,5891.0
35934,Mi1,5891.1
40596,Mi1,5891.1
43978,Mi1,5891.1
36533,Mi1,5891.200000000001
64712,T2a,5891.200000000001
82145,T2a,5891.200000000001
96784,T4b,5891.200000000001
99609,T4a,5891.200000000001
106952,T4b,5891.200000000001
111949,T4c,5891.200000000001
81733,Tm3,5891.3
86419,Tm3,5891.3
74231,Tm3,5891.3
96576,T4c,5891.3
124490,Tm3,5891.3
94356,T4c,5891.3
70281,T2a,5891.3
76325,T2a,5891.3
64260,T2,5891.3
69164,Mi1,5891.3
57349,Mi1,5891.3
57247,TmY3,5891.3
36217,Mi1,5891.3
35428,Mi1,5891.3
10025,H2,5891.3
46745,Mi1,5891.4
91510,T4c,5891.4
40085,Mi1,5891.4
10037,VS,5891.500000000001
36369,Mi1,5891.500000000001
60857,Mi1,5891.500000000001
97193,T4a,5891.6
100633,T4a,5891.6
100924,T4b,5891.6
88281,T4b,5891.7
98349,T4a,5891.7
74860,Tm3,5891.7
75557,Tm3,5891.7
44282,Mi1,5891.7
40936,Mi1,5891.7
34300,Mi1,5891.7
65850,T2a,5891.7
22108,TmY3,5891.8
36410,Mi1,5891.8
40400,Mi1,5891.8
43783,Mi1,5891.8
65833,Mi1,5891.8
67152,Tm3,5891.8
69380,Tm3,5891.8
99922,T4c,5891.900000000001
54087,Mi1,5891.900000000001
90097,T4c,5891.900000000001
49324,Mi1,5892.0
58224,Mi1,5892.0
85924,T4a,5892.0
92842,T4a,5892.0
97288,T4c,5892.1
16033,Li28,5892.1
24867,VST1,5892.1
34356,Mi1,5892.1
63673,Tm3,5892.1
101382,T4c,5892.2
104017,T4b,5892.2
37438,Mi1,5892.2
64050,T2,5892.2
103073,T4a,5892.3
103025,T4a,5892.3
91806,T4a,5892.3
124867,T4d,5892.3
74259,T2a,5892.3
47967,Mi1,5892.3
37138,Mi1,5892.3
82099,T4b,5892.3
34369,Mi1,5892.400000000001
42856,Mi1,5892.400000000001
44222,Mi1,5892.400000000001
77395,T4b,5892.400000000001
109536,T4d,5892.400000000001
111746,Tm3,5892.400000000001
88095,T4d,5892.5
103557,T4a,5892.5
103314,T4b,5892.5
43323,Mi1,5892.5
103765,T4d,5892.5
39716,Mi1,5892.5
38208,Mi1,5892.5
35724,Mi1,5892.5
40577,Mi1,5892.5
33614,Mi1,5892.6
45176,Mi1,5892.6
59008,Mi1,5892.6
107442,T4d,5892.6
108948,T4b,5892.6
116610,T4d,5892.700000000001
101228,T4a,5892.700000000001
532850,Tm3,5892.700000000001
39629,Mi1,5892.700000000001
83125,T4b,5892.700000000001
10284,VS,5892.8
33907,Mi1,5892.8
35734,Mi1,5892.8
41120,Mi1,5892.8
73385,T2a,5892.8
108344,T4d,5892.8
19292,Li28,5892.9
23098,LC4,5892.9
39500,Mi1,5892.9
90219,T4a,5892.9
105122,T4b,5892.9
106200,T4c,5892.9
108161,T4a,5893.000000000001
101215,T4c,5893.000000000001
100867,T4b,5893.000000000001
91741,T4d,5893.000000000001
80812,T4a,5893.000000000001
10016,HSE,5893.1
16545,Li28,5893.1
35580,Mi1,5893.1
37243,Mi1,5893.1
53156,TmY3,5893.1
77779,T2a,5893.1
98985,T4c,5893.1
94549,T4b,5893.2
90135,T4c,5893.2
104996,T4a,5893.2
34606,Mi1,5893.2
33091,Mi1,5893.2
83639,T2a,5893.2
32893,Mi1,5893.3
40832,Mi1,5893.3
49516,TmY3,5893.3
68475,T2a,5893.3
87845,T4a,5893.3
94089,T4d,5893.3
108065,T4c,5893.3
72938,T2a,5893.400000000001
103657,T4b,5893.400000000001
102564,T4a,5893.400000000001
93750,T4c,5893.400000000001
78503,T2a,5893.400000000001
69978,T2,5893.400000000001
35888,Mi1,5893.400000000001
39405,Mi1,5893.400000000001
38857,Mi1,5893.400000000001
37853,Mi1,5893.400000000001
36158,Mi1,5893.400000000001
62078,Mi1,5893.400000000001
10015,HSN,5893.5
10023,HSS,5893.5
36446,Mi1,5893.5
71475,Tm3,5893.5
90566,T4d,5893.5
112545,T4d,5893.5
118924,Tm3,5893.5
525839,Mi1,5893.6
96307,T4a,5893.6
102229,T4d,5893.6
57871,T2,5893.6
16596,Li28,5893.6
72983,T2a,5893.6
35416,Mi1,5893.7
41950,Mi1,5893.7
89409,T4a,5893.7
90520,T4a,5893.7
93419,T4b,5893.7
104412,T4a,5893.7
112619,T4d,5893.7
107819,T4c,5893.8
89282,T4a,5893.8
106840,T4b,5893.8
96424,T4b,5893.900000000001
97545,T4c,5893.900000000001
107445,T4a,5893.900000000001
107105,T4d,5894.0
102462,T4c,5894.0
101945,T4b,5894.0
98504,T4c,5894.0
93957,T4b,5894.0
94755,T4a,5894.0
44449,TmY3,5894.0
37555,Mi1,5894.0
35840,Mi1,5894.0
35234,Mi1,5894.0
74303,Mi1,5894.0
12521,HST,5894.099999999999
51191,TmY3,5894.099999999999
66604,TmY3,5894.099999999999
106401,T4d,5894.099999999999
118385,T4b,5894.099999999999
107719,T4b,5894.200000000001
105834,T4d,5894.200000000001
92055,T4c,5894.200000000001
81706,T2a,5894.200000000001
34933,Mi1,5894.200000000001
35260,Mi1,5894.200000000001
10112,VS,5894.200000000001
65636,T2,5894.200000000001
34899,Mi1,5894.3
38710,Mi1,5894.3
40944,Mi1,5894.3
74891,T2a,5894.4
51049,Mi1,5894.4
112179,T4b,5894.4
38993,Mi1,5894.4
47686,TmY3,5894.4
93509,T4b,5894.4
37529,Mi1,5894.4
37927,Mi1,5894.5
89728,Tm3,5894.5
97677,T4c,5894.5
98890,T4c,5894.5
103645,T4c,5894.5
105521,T4c,5894.5
122233,Tm3,5894.5
103780,T4c,5894.6
96812,T4a,5894.6
97480,T4c,5894.6
30997,Mi1,5894.6
39525,Mi1,5894.6
38768,Mi1,5894.6
108199,T4c,5894.7
69425,T2a,5894.7
98118,T4c,5894.7
102031,T4c,5894.7
102519,T4a,5894.7
98668,T4a,5894.8
39067,Mi1,5894.8
109276,T4d,5894.8
77916,T2a,5894.8
105099,T4b,5894.8
70321,Tm3,5894.8
11134,VSm,5894.8
38230,Mi1,5894.8
34867,Mi1,5894.8
10755,H1,5894.8
10025,H2,5894.8
56564,Mi1,5894.8
94282,T4c,5894.900000000001
35017,Mi1,5894.900000000001
38455,Mi1,5894.900000000001
87412,T4c,5894.900000000001
106362,T4d,5894.900000000001
34142,Mi1,5895.0
36540,Mi1,5895.0
37599,Mi1,5895.0
67408,Mi1,5895.0
89784,T4b,5895.0
117551,Tm3,5895.1
35405,Mi1,5895.1
36139,Mi1,5895.1
10012,VS,5895.1
34189,Mi1,5895.1
68562,T2a,5895.2
102147,T4c,5895.2
86630,Tm3,5895.2
68167,Tm3,5895.2
10037,VS,5895.2
36911,Mi1,5895.2
34938,Mi1,5895.2
44700,Mi1,5895.2
35218,Mi1,5895.2
15019,Li28,5895.3
40235,Mi1,5895.3
41659,Mi1,5895.3
43965,Mi1,5895.3
58553,TmY3,5895.3
80913,T4a,5895.400000000001
90533,T4c,5895.400000000001
41809,Mi1,5895.400000000001
78856,Tm3,5895.400000000001
100206,T4c,5895.5
33326,Mi1,5895.5
42594,Mi1,5895.5
47465,TmY3,5895.5
72066,Tm3,5895.5
77226,T2a,5895.5
102845,T4b,5895.599999999999
64149,Mi1,5895.599999999999
17596,Li28,5895.599999999999
31848,Mi1,5895.700000000001
36990,Mi1,5895.700000000001
45322,Mi1,5895.700000000001
71188,T2a,5895.700000000001
95629,T4c,5895.700000000001
96134,T4b,5895.700000000001
109996,T4c,5895.8
104703,T4d,5895.8
94289,T4d,5895.8
102579,T4b,5895.8
34463,Mi1,5895.9
67810,Tm3,5895.9
128916,Tm3,5896.0
49322,TmY3,5896.0
93927,T4a,5896.0
101685,T4b,5896.0
110855,T4a,5896.0
129930,Tm3,5896.0
108119,T4c,5896.1
102910,T4b,5896.1
84008,T4c,5896.1
37123,Mi1,5896.1
59959,Mi1,5896.1
35113,Mi1,5896.1
10016,HSE,5896.2
65009,T2,5896.2
81309,T2a,5896.2
526158,Mi1,5896.2
108594,T4d,5896.3
99292,T4a,5896.3
100996,T4b,5896.3
42758,Mi1,5896.3
38648,Mi1,5896.3
96081,T4a,5896.3
15909,Li28,5896.4
69441,Tm3,5896.5
88084,T4b,5896.5
88933,T4a,5896.5
99387,T4a,5896.6
34079,Mi1,5896.6
37000,Mi1,5896.6
37019,Mi1,5896.6
88398,T4a,5896.7
87390,T2a,5896.7
35045,Mi1,5896.7
37568,Mi1,5896.7
39438,Mi1,5896.8
83204,T4d,5896.8
116259,T4b,5896.900000000001
40256,Mi1,5896.900000000001
71938,T2a,5896.900000000001
85536,T4a,5896.900000000001
90027,T4c,5896.900000000001
100261,T4c,5896.900000000001
105115,T4d,5897.0
84063,T4b,5897.0
45319,Mi1,5897.0
115111,T4a,5897.099999999999
38479,Mi1,5897.099999999999
44564,TmY3,5897.099999999999
81883,T2a,5897.099999999999
82699,Tm3,5897.099999999999
109023,T4c,5897.099999999999
77138,Tm3,5897.200000000001
63994,Mi1,5897.200000000001
85378,T4a,5897.200000000001
63175,Mi1,5897.200000000001
36252,Mi1,5897.200000000001
35836,Mi1,5897.200000000001
32535,Mi1,5897.200000000001
10206,VS,5897.200000000001
11981,Li28,5897.3
75343,Tm3,5897.3
89825,T4a,5897.3
100310,T4d,5897.3
105313,T4a,5897.3
107609,T4d,5897.3
45696,Mi1,5897.4
44592,TmY3,5897.4
10023,HSS,5897.4
10015,HSN,5897.4
16570,VST2,5897.4
37699,Mi1,5897.5
70289,Mi1,5897.5
85866,T4b,5897.5
86536,Tm3,5897.5
90567,T4b,5897.5
98398,T4c,5897.6
100856,T4a,5897.6
78317,T4a,5897.6
70490,Mi1,5897.6
41709,Mi1,5897.6
72558,T2a,5897.6
38178,Mi1,5897.7
61401,T2a,5897.7
65513,T2a,5897.7
83438,T4a,5897.7
94305,T4a,5897.7
105895,T4a,5897.7
106821,T4b,5897.7
36954,Mi1,5897.8
37391,Mi1,5897.8
38461,Mi1,5897.8
40703,Mi1,5897.8
51848,TmY3,5897.8
73122,T2a,5897.8
42119,Mi1,5897.9
79138,T2a,5897.9
37631,Mi1,5897.9
102741,T4c,5897.9
93021,T4a,5898.0
70642,T2a,5898.0
79358,T2a,5898.0
41435,Mi1,5898.0
58599,T2,5898.0
39718,Mi1,5898.0
63868,T2a,5898.1
95681,T4a,5898.1
96365,T4a,5898.1
99316,T4b,5898.1
99348,T4c,5898.1
117652,T4d,5898.1
546524,Mi1,5898.1
111613,T4d,5898.2
98393,T4a,5898.2
69889,T2a,5898.2
35774,Mi1,5898.2
42895,Mi1,5898.2
66227,Tm3,5898.2
80483,T4c,5898.3
105565,Tm3,5898.3
104905,T4c,5898.3
104450,T4a,5898.3
65531,T2a,5898.3
93360,T4b,5898.3
53065,Mi1,5898.3
38721,Mi1,5898.3
63468,Mi1,5898.3
37113,Mi1,5898.3
35806,Mi1,5898.3
10025,H2,5898.3
34296,Mi1,5898.400000000001
41399,Mi1,5898.400000000001
41545,Mi1,5898.400000000001
57398,Mi1,5898.400000000001
62894,Tm3,5898.400000000001
88152,T4c,5898.400000000001
96163,T4b,5898.400000000001
34272,Mi1,5898.5
38632,Mi1,5898.6
63021,Tm3,5898.6
38748,Mi1,5898.700000000001
67971,Tm3,5898.700000000001
79259,T4b,5898.700000000001
98862,Tm3,5898.700000000001
100087,T4b,5898.700000000001
100488,T4c,5898.700000000001
34862,Mi1,5898.8
63420,Mi1,5898.8
82674,T4a,5898.900000000001
89368,T4c,5898.900000000001
65742,Tm3,5898.900000000001
37948,Mi1,5898.900000000001
30923,TmY3,5898.900000000001
33110,Mi1,5898.900000000001
10037,VS,5898.900000000001
35001,Mi1,5898.900000000001
46662,TmY3,5899.0
48286,Mi1,5899.0
65671,Mi1,5899.0
92281,T4c,5899.0
102112,T4c,5899.0
103226,T4d,5899.0
122308,Tm3,5899.0
102370,T4c,5899.1
100855,T4a,5899.1
100033,T4c,5899.1
90145,T4a,5899.1
61768,T2,5899.1
33216,Mi1,5899.1
10112,VS,5899.1
39858,Mi1,5899.200000000001
44438,Mi1,5899.200000000001
66852,Mi1,5899.200000000001
94953,T4d,5899.200000000001
35235,Mi1,5899.3
537004,VSm,5899.4
100726,T4d,5899.4
98137,T4d,5899.4
92706,T4a,5899.4
76524,Tm3,5899.4
41522,Mi1,5899.4
10016,HSE,5899.4
38687,Mi1,5899.4
36994,Mi1,5899.4
33942,Mi1,5899.4
33655,Mi1,5899.4
33017,Mi1,5899.4
40426,Mi1,5899.4
109336,T4b,5899.500000000001
16545,Li28,5899.500000000001
16606,VST2,5899.500000000001
33446,Mi1,5899.500000000001
34849,Mi1,5899.500000000001
35290,Mi1,5899.500000000001
58703,T2,5899.500000000001
72005,Tm3,5899.500000000001
90371,T4d,5899.500000000001
106922,T4c,5899.6
85778,T4b,5899.6
16033,Li28,5899.6
36646,Mi1,5899.7
38238,Mi1,5899.7
38987,Mi1,5899.7
51122,Mi1,5899.7
79271,T4a,5899.7
105332,T4b,5899.7
20634,VST1,5899.8
35447,Mi1,5899.8
76733,Tm3,5899.8
80284,Tm3,5899.8
107031,T4b,5899.900000000001
95822,T4b,5899.900000000001
92047,T4c,5899.900000000001
89934,T4d,5899.900000000001
85429,T4d,5899.900000000001
41637,Mi1,5899.900000000001
62912,T2,5899.900000000001
48060,Mi1,5899.900000000001
45719,Mi1,5899.900000000001
83067,T4b,5899.900000000001
78820,T2a,5900.0
77676,T2a,5900.0
66808,Tm3,5900.0
42048,Mi1,5900.0
39275,Mi1,5900.0
10284,VS,5900.1
38514,Mi1,5900.1
40635,Mi1,5900.1
42872,Mi1,5900.1
104297,T4a,5900.1
107812,T4a,5900.2
104256,T4a,5900.2
89020,T4a,5900.2
104191,T4a,5900.2
43689,Mi1,5900.2
38241,Mi1,5900.2
55101,Mi1,5900.2
35602,Mi1,5900.3
60856,T2a,5900.3
75172,T2a,5900.3
86907,T4a,5900.3
103527,T4c,5900.3
71089,Mi1,5900.400000000001
103867,T4a,5900.400000000001
101620,T4b,5900.400000000001
95926,T4a,5900.400000000001
46827,Mi1,5900.400000000001
40219,Mi1,5900.400000000001
36305,Mi1,5900.400000000001
33462,Mi1,5900.400000000001
20264,Li28,5900.400000000001
43414,Mi1,5900.400000000001
108066,T4b,5900.5
35770,Mi1,5900.5
42675,Mi1,5900.5
72794,Tm3,5900.5
81092,Tm3,5900.5
106026,T4b,5900.599999999999
35897,Mi1,5900.599999999999
35683,Mi1,5900.599999999999
17280,Li28,5900.599999999999
25893,VST1,5900.599999999999
80911,Tm3,5900.8
97853,T4c,5900.8
52350,Mi1,5900.8
99671,T4c,5900.8
10755,H1,5900.8
10687,OA-AL2i3,5900.8
36346,Mi1,5900.8
105403,T4c,5900.9
103579,T4c,5900.9
98625,T4a,5900.9
38227,Mi1,5900.9
86696,T4d,5900.9
97885,T4a,5900.9
105214,T4c,5901.000000000001
101770,T4b,5901.000000000001
101302,T4d,5901.000000000001
84631,T4c,5901.000000000001
93166,T4c,5901.000000000001
41296,Mi1,5901.000000000001
39158,Mi1,5901.000000000001
38893,Mi1,5901.000000000001
37037,Mi1,5901.000000000001
59397,Mi1,5901.000000000001
90423,T4b,5901.1
104674,T4a,5901.1
65443,T2a,5901.2
35100,Mi1,5901.2
100956,T4d,5901.2
102786,Tm3,5901.3
95458,T4d,5901.3
67963,Tm3,5901.3
36177,Mi1,5901.3
91469,T4c,5901.3
104622,T4b,5901.400000000001
67424,T2,5901.400000000001
70812,TmY3,5901.400000000001
86416,T4a,5901.400000000001
87289,T4a,5901.400000000001
88922,T4c,5901.400000000001
97306,T4a,5901.400000000001
127615,Tm3,5901.400000000001
96676,T4b,5901.5
94624,T4a,5901.5
48475,TmY3,5901.5
10023,HSS,5901.5
10015,HSN,5901.5
119245,T4d,5901.5
38477,Mi1,5901.5
100729,T4b,5901.6
90278,T4a,5901.6
42691,Mi1,5901.6
72279,Mi1,5901.6
106886,T4c,5901.7
95356,T4a,5901.7
34057,Mi1,5901.7
47211,Mi1,5901.7
92996,T4a,5901.7
10025,H2,5901.8
37509,Mi1,5901.8
38421,Mi1,5901.8
67113,Mi1,5901.8
67308,Mi1,5901.8
72619,T2a,5901.8
91913,T4b,5901.900000000001
34171,Mi1,5901.900000000001
35173,Mi1,5901.900000000001
39692,TmY3,5901.900000000001
40026,TmY3,5901.900000000001
41613,Mi1,5901.900000000001
89866,T4b,5901.900000000001
98846,T4c,5901.900000000001
110742,T4c,5902.0
78172,TmY3,5902.0
77383,T2a,5902.0
67150,T2a,5902.0
37270,Mi1,5902.0
36660,Mi1,5902.0
35890,Mi1,5902.099999999999
37371,Mi1,5902.099999999999
92054,T4b,5902.099999999999
100501,T4b,5902.099999999999
101873,T4b,5902.099999999999
115390,T4d,5902.099999999999
111416,Tm3,5902.200000000001
100319,T4b,5902.200000000001
90121,T4b,5902.200000000001
78437,Tm3,5902.200000000001
37088,Mi1,5902.200000000001
15909,Li28,5902.3
91283,T4c,5902.3
95287,T4a,5902.3
96774,T4c,5902.3
106793,T4d,5902.3
112453,T4c,5902.4
95235,T4d,5902.4
86778,T4a,5902.4
67072,T2a,5902.4
48531,Mi1,5902.4
38791,Mi1,5902.4
10016,HSE,5902.5
39743,Mi1,5902.5
55976,Mi1,5902.5
75848,T2a,5902.5
86686,T4c,5902.5
100787,T4b,5902.5
120928,T4d,5902.5
127170,Tm3,5902.6
10037,VS,5902.6
101878,T4a,5902.6
88035,Tm3,5902.7
96090,T4c,5902.7
97184,T4d,5902.7
105545,T4d,5902.7
104130,T4a,5902.8
106894,T4b,5902.8
96671,T4c,5902.8
133349,Tm3,5902.8
68982,Tm3,5902.8
58862,Mi1,5902.8
36452,Mi1,5902.8
83365,T2a,5902.8
83979,T4a,5902.900000000001
79257,Tm3,5902.900000000001
100946,T4c,5902.900000000001
104008,T4b,5902.900000000001
64633,T2a,5902.900000000001
91505,T4c,5902.900000000001
40171,Mi1,5902.900000000001
39651,Mi1,5902.900000000001
38529,Mi1,5902.900000000001
36275,Mi1,5902.900000000001
58945,Tm3,5902.900000000001
107420,T4b,5903.0
101043,T4c,5903.0
84328,T4a,5903.0
92114,T4c,5903.0
83583,T4d,5903.0
74287,Tm3,5903.0
71131,Tm3,5903.0
84267,T4c,5903.0
48547,TmY3,5903.1
69961,Tm3,5903.1
93482,T4d,5903.1
109142,T4b,5903.1
542412,Mi1,5903.1
98175,T4c,5903.2
106819,T4b,5903.2
85598,T4b,5903.2
10311,VS,5903.2
34479,Mi1,5903.2
37353,Mi1,5903.2
35498,Mi1,5903.3
40411,Mi1,5903.3
95554,T4b,5903.3
109291,T4d,5903.3
23047,Li28,5903.400000000001
90259,T4d,5903.400000000001
90465,T4a,5903.400000000001
90888,T4b,5903.400000000001
115686,T4b,5903.400000000001
41668,Mi1,5903.5
103195,T4a,5903.5
88698,T4a,5903.5
78940,T4a,5903.5
41626,Mi1,5903.5
108870,T4a,5903.5
35152,Mi1,5903.5
34626,Mi1,5903.5
15263,Li28,5903.5
10206,VS,5903.5
36684,Mi1,5903.5
10012,VS,5903.599999999999
15422,VST2,5903.599999999999
37224,Mi1,5903.599999999999
101589,T4a,5903.599999999999
97866,T4d,5903.700000000001
95005,T4a,5903.700000000001
95453,T4a,5903.700000000001
38133,Mi1,5903.700000000001
48514,TmY3,5903.700000000001
35845,Mi1,5903.8
40795,Mi1,5903.8
78597,T2a,5903.8
31492,Mi1,5903.9
69063,Mi1,5903.9
98194,T4d,5903.9
110988,T4a,5903.9
38767,Mi1,5904.0
41804,Mi1,5904.0
108438,T4d,5904.0
119601,T4d,5904.1
100838,T4c,5904.1
34300,Mi1,5904.1
81215,Tm3,5904.1
94471,T4a,5904.1
37677,Mi1,5904.2
41654,Mi1,5904.2
51231,TmY3,5904.2
60857,Mi1,5904.2
94668,T4d,5904.2
99011,T4c,5904.2
103654,T4b,5904.2
112633,T4b,5904.2
75484,Tm3,5904.3
71765,T2a,5904.3
48986,TmY3,5904.3
11134,VSm,5904.3
35712,Mi1,5904.3
34404,Mi1,5904.3
43978,Mi1,5904.3
97145,T4c,5904.4
126163,Tm3,5904.4
108307,T4b,5904.4
102479,T4c,5904.4
94071,T4a,5904.4
104336,T4b,5904.4
37839,Mi1,5904.4
10112,VS,5904.4
12521,HST,5904.4
42006,TmY3,5904.4
37294,Mi1,5904.4
11981,Li28,5904.5
69546,Tm3,5904.5
69723,Tm3,5904.5
90430,T2a,5904.5
112775,T4d,5904.5
47967,Mi1,5904.6
91674,T4a,5904.6
10072,OA-AL2i1,5904.6
36410,Mi1,5904.7
40596,Mi1,5904.7
41536,Mi1,5904.7
79083,Tm3,5904.7
102016,T4a,5904.7
107075,T4d,5904.7
129235,Tm3,5904.7
133040,Tm3,5904.7
101994,T4a,5904.8
85741,T4a,5904.8
40505,Mi1,5904.8
45349,Mi1,5904.8
37680,Mi1,5904.900000000001
39505,Mi1,5904.900000000001
46248,Mi1,5904.900000000001
71944,T2a,5904.900000000001
103148,T4a,5904.900000000001
102991,T4c,5905.0
98099,T4b,5905.0
77527,T4a,5905.0
46784,Mi1,5905.0
67464,Mi1,5905.0
38708,Mi1,5905.0
37756,Mi1,5905.0
14209,Li28,5905.0
40085,Mi1,5905.0
10025,H2,5905.099999999999
40854,Mi1,5905.099999999999
49788,TmY3,5905.099999999999
73828,Tm3,5905.099999999999
112594,T4b,5905.099999999999
102975,T4b,5905.200000000001
101383,T4b,5905.200000000001
89290,T4d,5905.200000000001
87896,T4a,5905.200000000001
57239,Mi1,5905.200000000001
40400,Mi1,5905.200000000001
36217,Mi1,5905.200000000001
65307,T2,5905.200000000001
103022,T4a,5905.3
98448,T4b,5905.3
94081,T4c,5905.3
93972,T4a,5905.3
100046,T4b,5905.3
73096,T2a,5905.3
72501,Mi1,5905.3
45948,TmY3,5905.3
44119,Mi1,5905.3
89434,T4c,5905.3
38772,Mi1,5905.4
39727,Mi1,5905.4
82855,Tm3,5905.4
44282,Mi1,5905.5
54885,TmY3,5905.5
83009,T4b,5905.5
85126,T4a,5905.5
91313,T4a,5905.5
104972,T4a,5905.5
56984,TmY3,5905.6
39894,T4b,5905.6
10016,HSE,5905.6
34658,Mi1,5905.6
10015,HSN,5905.7
34356,Mi1,5905.7
68342,Tm3,5905.7
72955,T2a,5905.7
94283,T4d,5905.7
107211,T4d,5905.7
69164,Mi1,5905.8
90657,T4a,5905.8
35580,Mi1,5905.8
33907,Mi1,5905.8
10023,HSS,5905.9
35934,Mi1,5905.9
41136,Mi1,5905.9
77846,Tm3,5905.9
90474,T4b,5905.9
42856,Mi1,5906.000000000001
40936,Mi1,5906.000000000001
93224,T4a,5906.000000000001
39629,Mi1,5906.000000000001
87090,T2a,5906.000000000001
35512,Mi1,5906.000000000001
35428,Mi1,5906.000000000001
35234,Mi1,5906.000000000001
38208,Mi1,5906.000000000001
16545,Li28,5906.000000000001
106338,T4a,5906.1
97675,T4c,5906.1
89099,T4a,5906.1
77480,Tm3,5906.1
75521,T2a,5906.1
71228,T2a,5906.1
50333,TmY3,5906.1
44527,Mi1,5906.1
39164,Mi1,5906.1
37044,Mi1,5906.1
36533,Mi1,5906.1
34369,Mi1,5906.1
10037,VS,5906.1
49324,Mi1,5906.1
42533,TmY3,5906.2
66214,T2a,5906.2
91366,T4b,5906.2
103425,T4a,5906.2
102388,T4d,5906.3
118260,T4d,5906.3
101772,Tm3,5906.3
64849,Tm3,5906.3
41671,TmY3,5906.3
34899,Mi1,5906.3
34045,Mi1,5906.3
43323,Mi1,5906.400000000001
61968,T2,5906.400000000001
84663,T2a,5906.400000000001
85938,T4a,5906.400000000001
96830,T4b,5906.400000000001
103827,T4c,5906.400000000001
113686,T4d,5906.400000000001
123490,Tm3,5906.400000000001
119501,T4d,5906.5
99748,T4b,5906.5
95972,T4d,5906.5
92939,T4b,5906.5
92552,T4a,5906.5
33394,Mi1,5906.5
72665,Mi1,5906.5
36881,Mi1,5906.5
33766,Mi1,5906.5
10755,H1,5906.5
73767,Mi1,5906.5
99131,T4c,5906.6
106801,T4c,5906.6
101732,T4c,5906.6
95985,T4c,5906.6
71652,Tm3,5906.6
91914,T4a,5906.6
91629,T4a,5906.6
92254,T4b,5906.6
110403,T4b,5906.7
106295,T4b,5906.7
97326,T4c,5906.7
92684,T4c,5906.7
95364,T4d,5906.7
44222,Mi1,5906.7
40106,Mi1,5906.7
36369,Mi1,5906.7
35724,Mi1,5906.7
91682,T4b,5906.7
94886,T4d,5906.8
113991,T4d,5906.8
109172,T4b,5906.8
121816,T4a,5906.8
96260,T4d,5906.8
93313,T4a,5906.8
98654,T4d,5906.8
65235,T2,5906.8
48894,TmY3,5906.8
36158,Mi1,5906.8
33918,Mi1,5906.8
33091,Mi1,5906.8
80855,Tm3,5906.8
122273,Tm3,5906.900000000001
99670,T4c,5906.900000000001
95528,T4d,5906.900000000001
94930,T2a,5906.900000000001
98788,T4d,5906.900000000001
49441,TmY3,5906.900000000001
41120,Mi1,5906.900000000001
16033,Li28,5906.900000000001
62078,Mi1,5906.900000000001
10284,VS,5907.0
30997,Mi1,5907.0
37438,Mi1,5907.0
88491,T4a,5907.0
92682,T4a,5907.1
100075,T4c,5907.1
99663,T4c,5907.1
108824,T4d,5907.1
94368,T4a,5907.1
86992,T4b,5907.1
41464,TmY3,5907.1
59008,Mi1,5907.1
54087,Mi1,5907.1
37138,Mi1,5907.1
34933,Mi1,5907.1
65833,Mi1,5907.1
117882,T4b,5907.200000000001
110693,Tm3,5907.200000000001
104802,T4c,5907.200000000001
108625,T4b,5907.200000000001
88815,T4d,5907.200000000001
35888,Mi1,5907.200000000001
33614,Mi1,5907.200000000001
93407,T4d,5907.200000000001
19292,Li28,5907.3
59864,Tm3,5907.3
92046,T4d,5907.3
93566,T4a,5907.3
104018,T4c,5907.3
120992,Tm3,5907.3
525839,Mi1,5907.3
111380,Tm3,5907.4
102425,T4b,5907.4
37853,Mi1,5907.4
35734,Mi1,5907.4
77791,T2a,5907.4
44449,TmY3,5907.500000000001
68840,TmY3,5907.500000000001
79483,Tm3,5907.500000000001
99628,T4b,5907.500000000001
121093,T4b,5907.500000000001
89110,Tm3,5907.6
109649,T4c,5907.6
104858,T4b,5907.6
103677,T4b,5907.6
46745,Mi1,5907.6
100785,T4b,5907.6
547091,T2,5907.6
38857,Mi1,5907.6
101072,T4b,5907.6
537004,VSm,5907.7
62089,Tm3,5907.7
107640,T4c,5907.7
58224,Mi1,5907.7
97878,T4b,5907.7
40577,Mi1,5907.7
39405,Mi1,5907.7
37529,Mi1,5907.7
45176,Mi1,5907.7
112241,T4b,5907.8
98467,T4d,5907.8
97318,T4d,5907.8
98381,T4d,5907.8
37108,Mi1,5907.8
36446,Mi1,5907.8
35416,Mi1,5907.8
40944,Mi1,5907.8
15909,Li28,5907.900000000001
35840,Mi1,5907.900000000001
83042,T4b,5907.900000000001
100680,T4d,5907.900000000001
81015,T4a,5908.0
90796,T4d,5908.0
68412,T2a,5908.0
91325,T4a,5908.0
40832,Mi1,5908.0
37243,Mi1,5908.0
34938,Mi1,5908.0
64149,Mi1,5908.0
34867,Mi1,5908.1
36911,Mi1,5908.1
38230,Mi1,5908.1
51963,TmY3,5908.1
103344,T4b,5908.1
108675,T4b,5908.1
117627,Tm3,5908.2
111184,T4a,5908.2
109598,T4b,5908.2
74228,Tm3,5908.2
39525,Mi1,5908.2
38993,Mi1,5908.2
38710,Mi1,5908.2
36540,Mi1,5908.2
43783,Mi1,5908.2
96576,T4c,5908.3
10025,H2,5908.3
35017,Mi1,5908.3
39500,Mi1,5908.3
45005,TmY3,5908.3
57349,Mi1,5908.3
94224,T4b,5908.3
94549,T4b,5908.3
99850,T4a,5908.400000000001
107529,T4d,5908.400000000001
85152,T4c,5908.400000000001
96199,T4a,5908.400000000001
36139,Mi1,5908.5
37084,Mi1,5908.5
41950,Mi1,5908.5
80812,T4a,5908.5
96126,T4b,5908.5
93750,T4c,5908.599999999999
73301,Tm3,5908.599999999999
88353,T4b,5908.599999999999
39716,Mi1,5908.599999999999
10016,HSE,5908.599999999999
56564,Mi1,5908.599999999999
37123,Mi1,5908.700000000001
41809,Mi1,5908.700000000001
82038,Tm3,5908.700000000001
86635,T4c,5908.700000000001
97899,T4a,5908.700000000001
99980,T4c,5908.700000000001
117039,T4c,5908.700000000001
96219,T4b,5908.8
97171,T4d,5908.8
83682,Tm3,5908.8
80838,T2a,5908.8
40235,Mi1,5908.8
38768,Mi1,5908.8
95883,T4a,5908.9
73320,T2,5908.9
65468,T2,5908.9
37927,Mi1,5908.9
98039,T4d,5908.9
33326,Mi1,5908.9
32962,TmY3,5908.9
17596,Li28,5908.9
37555,Mi1,5908.9
10112,VS,5909.000000000001
38455,Mi1,5909.000000000001
63190,T2,5909.000000000001
76788,T4b,5909.000000000001
79646,Tm3,5909.000000000001
89485,T4a,5909.000000000001
97028,T4c,5909.000000000001
539983,T4c,5909.000000000001
103780,T4c,5909.1
98360,T4c,5909.1
96657,T4c,5909.1
16596,Li28,5909.1
10206,VS,5909.1
64778,TmY3,5909.2
82313,T4a,5909.2
95017,T4c,5909.2
97877,T4d,5909.2
120231,Tm3,5909.3
113207,T4d,5909.3
99837,T4a,5909.3
94356,T4c,5909.3
37000,Mi1,5909.3
34189,Mi1,5909.3
34142,Mi1,5909.3
40256,Mi1,5909.3
117151,T4d,5909.400000000001
10037,VS,5909.400000000001
31848,Mi1,5909.400000000001
41659,Mi1,5909.400000000001
77484,T4d,5909.400000000001
92957,T4d,5909.400000000001
110646,T4b,5909.400000000001
108876,T4c,5909.5
74303,Mi1,5909.5
66345,T2a,5909.5
35045,Mi1,5909.6
35218,Mi1,5909.6
45319,Mi1,5909.6
97141,T4a,5909.6
526158,Mi1,5909.6
111928,T4b,5909.7
93984,T4b,5909.7
75381,Tm3,5909.7
60979,TmY3,5909.7
74375,Tm3,5909.7
39067,Mi1,5909.7
32893,Mi1,5909.7
10015,HSN,5909.7
42594,Mi1,5909.7
10023,HSS,5909.8
34079,Mi1,5909.8
56762,TmY3,5909.8
59959,Mi1,5909.8
128726,Tm3,5909.8
94179,T4a,5909.900000000001
94983,T4c,5909.900000000001
79449,T4b,5909.900000000001
78911,Tm3,5909.900000000001
65803,T2,5909.900000000001
47240,TmY3,5909.900000000001
45322,Mi1,5909.900000000001
100274,T4a,5910.0
98222,T4d,5910.0
51049,Mi1,5910.0
107117,T4d,5910.0
34296,Mi1,5910.0
17280,Li28,5910.0
36990,Mi1,5910.0
35260,Mi1,5910.099999999999
37599,Mi1,5910.099999999999
68264,Tm3,5910.099999999999
102765,T4d,5910.099999999999
108325,T4c,5910.099999999999
94743,T4d,5910.200000000001
108907,T4c,5910.200000000001
102045,T4a,5910.200000000001
87358,T4a,5910.200000000001
110386,T4d,5910.200000000001
70524,T2a,5910.200000000001
42758,Mi1,5910.200000000001
35405,Mi1,5910.200000000001
15019,Li28,5910.200000000001
82576,T4b,5910.200000000001
96295,T4b,5910.3
90900,T4a,5910.3
80437,Tm3,5910.3
78561,Tm3,5910.3
98887,T4b,5910.3
48607,TmY3,5910.3
43965,Mi1,5910.3
39438,Mi1,5910.3
38648,Mi1,5910.3
74374,T2a,5910.3
105962,T4b,5910.4
80582,T4a,5910.4
90419,T4b,5910.4
65298,T2a,5910.4
40703,Mi1,5910.4
75966,T2a,5910.4
10012,VS,5910.5
34606,Mi1,5910.5
99672,T4a,5910.5
101865,T4a,5910.5
107010,T4d,5910.6
117748,Tm3,5910.6
113568,T4d,5910.6
105242,T4c,5910.6
47368,TmY3,5910.6
50345,TmY3,5910.6
69228,T2a,5910.6
32535,Mi1,5910.6
37568,Mi1,5910.7
44746,TmY3,5910.7
90219,T4a,5910.7
107170,T4b,5910.7
109652,T4d,5910.7
37391,Mi1,5910.8
93622,T4c,5910.8
112806,T4c,5910.900000000001
112027,T4d,5910.900000000001
109593,Tm3,5910.900000000001
103160,T4a,5910.900000000001
102295,T4d,5910.900000000001
118551,Tm3,5910.900000000001
96728,T4c,5910.900000000001
82425,T4b,5910.900000000001
58196,TmY3,5910.900000000001
38178,Mi1,5910.900000000001
20808,LC4,5910.900000000001
96931,T4b,5910.900000000001
97231,T4a,5911.0
92431,T4a,5911.0
85007,T4c,5911.0
83677,T4c,5911.0
91057,T4c,5911.0
71036,T2a,5911.0
67408,Mi1,5911.0
36252,Mi1,5911.0
34463,Mi1,5911.0
74997,Tm3,5911.0
37019,Mi1,5911.1
42895,Mi1,5911.1
88625,T4c,5911.1
91444,T4c,5911.1
93688,T4a,5911.1
96015,T4c,5911.1
100282,T4a,5911.1
112393,T4a,5911.1
92993,Tm3,5911.2
105126,T4c,5911.2
91725,T4b,5911.2
95454,T4a,5911.2
41709,Mi1,5911.2
38479,Mi1,5911.2
35806,Mi1,5911.2
87565,T4a,5911.2
69736,Tm3,5911.3
70800,Tm3,5911.3
79704,T4d,5911.3
104257,T4b,5911.3
104884,T4b,5911.3
104301,T4b,5911.400000000001
103271,T4c,5911.400000000001
88575,T4b,5911.400000000001
88005,T4d,5911.400000000001
73807,Tm3,5911.400000000001
70490,Mi1,5911.400000000001
10755,H1,5911.400000000001
61370,T2,5911.5
68522,T2a,5911.5
71674,T2a,5911.5
82515,Tm3,5911.5
102153,T4c,5911.5
99519,T4a,5911.599999999999
90097,T4c,5911.599999999999
69266,Tm3,5911.599999999999
63420,Mi1,5911.599999999999
10025,H2,5911.599999999999
37113,Mi1,5911.599999999999
10016,HSE,5911.599999999999
44700,Mi1,5911.599999999999
33017,Mi1,5911.700000000001
35836,Mi1,5911.700000000001
38514,Mi1,5911.700000000001
63175,Mi1,5911.700000000001
91987,T4c,5911.700000000001
117221,T4c,5911.700000000001
116343,T4a,5911.8
94574,T4c,5911.8
76621,T2a,5911.8
11134,VSm,5911.8
37699,Mi1,5911.8
72426,Tm3,5911.8
84063,T4b,5911.9
90655,T4a,5911.9
90112,T4c,5911.9
85074,T4a,5911.9
83438,T4a,5911.9
89142,T4b,5911.9
65671,Mi1,5911.9
63468,Mi1,5911.9
80670,T4a,5911.9
47962,TmY3,5911.9
33942,Mi1,5911.9
60337,TmY3,5912.0
80197,T4a,5912.0
87845,T4a,5912.0
92141,T4a,5912.0
95736,T4c,5912.0
107486,T4c,5912.1
105698,T4c,5912.1
102791,T4c,5912.1
91934,T4a,5912.1
86175,T4a,5912.1
39718,Mi1,5912.1
63994,Mi1,5912.1
62851,Tm3,5912.1
35113,Mi1,5912.1
71447,T4c,5912.1
73029,T2,5912.2
104144,T2,5912.2
105292,T4b,5912.2
57164,TmY3,5912.2
76380,Tm3,5912.2
42119,Mi1,5912.2
39275,Mi1,5912.2
11981,Li28,5912.2
42872,Mi1,5912.2
106587,T4d,5912.3
105412,T4a,5912.3
103870,T4a,5912.3
101033,T4d,5912.3
95242,T4d,5912.3
87763,T4a,5912.3
97256,T4c,5912.3
79314,T4b,5912.3
70289,Mi1,5912.3
53065,Mi1,5912.3
48286,Mi1,5912.3
34849,Mi1,5912.3
16545,Li28,5912.3
81995,Tm3,5912.3
104354,T4b,5912.4
101230,T4a,5912.4
75550,Tm3,5912.4
37948,Mi1,5912.4
36646,Mi1,5912.4
72989,Tm3,5912.4
97784,T4c,5912.5
102703,T4a,5912.5
101463,T4d,5912.5
92415,T4a,5912.5
33216,Mi1,5912.5
45696,Mi1,5912.5
35001,Mi1,5912.5
73619,T2a,5912.5
41435,Mi1,5912.5
21225,LC4,5912.6
35774,Mi1,5912.6
36994,Mi1,5912.6
38241,Mi1,5912.6
44564,TmY3,5912.6
80906,T4c,5912.6
85009,Tm3,5912.6
109868,Tm3,5912.6
119213,T4c,5912.6
118502,T4b,5912.7
101228,T4a,5912.7
97769,T4a,5912.7
71583,Tm3,5912.7
10037,VS,5912.7
36954,Mi1,5912.7
20634,VST1,5912.7
57398,Mi1,5912.7
98575,T4a,5912.8
109326,T4c,5912.8
96003,T4d,5912.8
93947,T4a,5912.8
38721,Mi1,5912.8
96835,T4b,5912.8
94468,T4c,5912.900000000001
98300,T4a,5912.900000000001
104478,T4d,5912.900000000001
106912,Tm3,5912.900000000001
41296,Mi1,5913.0
93604,T4a,5913.0
86932,T4b,5913.0
68212,T2a,5913.0
66227,Tm3,5913.0
40599,TmY3,5913.0
95239,T4a,5913.0
16570,VST2,5913.0
10112,VS,5913.0
41399,Mi1,5913.0
95921,T4c,5913.0
96394,T4b,5913.099999999999
102799,T4c,5913.099999999999
111852,T4a,5913.099999999999
88460,T2a,5913.099999999999
38238,Mi1,5913.099999999999
35235,Mi1,5913.099999999999
85664,TmY3,5913.099999999999
15909,Li28,5913.200000000001
33446,Mi1,5913.200000000001
37631,Mi1,5913.200000000001
77395,T4b,5913.200000000001
92082,T4b,5913.200000000001
112458,T4b,5913.3
93877,T4c,5913.3
72896,Tm3,5913.3
10015,HSN,5913.3
33655,Mi1,5913.3
64341,TmY3,5913.3
94755,T4a,5913.4
97105,T4d,5913.4
95335,T4a,5913.4
90058,T4a,5913.4
108276,T4a,5913.4
66852,Mi1,5913.4
48060,Mi1,5913.4
35602,Mi1,5913.4
74927,Tm3,5913.4
71089,Mi1,5913.5
76074,Tm3,5913.5
80282,T4d,5913.5
83227,Tm3,5913.5
111010,T4c,5913.5
128396,T4d,5913.5
10206,VS,5913.6
77991,Tm3,5913.6
94948,T4c,5913.6
105521,T4c,5913.700000000001
95007,T4a,5913.700000000001
88726,T4b,5913.700000000001
10023,HSS,5913.700000000001
35770,Mi1,5913.700000000001
58527,TmY3,5913.700000000001
16033,Li28,5913.8
35100,Mi1,5913.8
38687,Mi1,5913.8
41522,Mi1,5913.8
47360,TmY3,5913.8
105718,T4b,5913.8
101480,T4c,5913.9
101081,T4c,5913.9
35290,Mi1,5913.9
38632,Mi1,5913.9
68933,Tm3,5913.9
10269,OA-AL2i2,5914.000000000001
33110,Mi1,5914.000000000001
35447,Mi1,5914.000000000001
36305,Mi1,5914.000000000001
40426,Mi1,5914.000000000001
41545,Mi1,5914.000000000001
44244,TmY3,5914.000000000001
98751,T4a,5914.1
84490,T4a,5914.1
51122,Mi1,5914.1
46827,Mi1,5914.1
43689,Mi1,5914.1
38461,Mi1,5914.1
41613,Mi1,5914.1
39158,Mi1,5914.1
100105,T4a,5914.1
34862,Mi1,5914.1
43414,Mi1,5914.1
92281,T4c,5914.2
102801,T4b,5914.2
72190,Tm3,5914.2
85924,T4a,5914.2
38987,Mi1,5914.3
78470,Tm3,5914.3
94305,T4a,5914.3
94567,T4c,5914.3
100867,T4b,5914.3
100874,T4a,5914.3
103867,T4a,5914.3
110910,Tm3,5914.3
111823,T4c,5914.3
112048,T4c,5914.3
110454,T4d,5914.400000000001
104996,T4a,5914.400000000001
96959,T4a,5914.400000000001
90049,T4c,5914.400000000001
33462,Mi1,5914.400000000001
44438,Mi1,5914.400000000001
37037,Mi1,5914.400000000001
60886,T2a,5914.400000000001
102579,T4b,5914.5
546524,Mi1,5914.5
149504,T4d,5914.5
112088,T4d,5914.5
100633,T4a,5914.5
44592,TmY3,5914.5
88167,T4b,5914.5
85378,T4a,5914.5
47211,Mi1,5914.5
93509,T4b,5914.5
35897,Mi1,5914.5
112969,T4c,5914.6
99163,T4a,5914.6
93985,T4c,5914.6
93419,T4b,5914.6
92839,T4b,5914.6
47696,TmY3,5914.6
48283,TmY3,5914.6
114391,T4d,5914.6
42048,Mi1,5914.6
36346,Mi1,5914.6
10016,HSE,5914.6
77307,Tm3,5914.6
55101,Mi1,5914.7
68735,T2,5914.7
38893,Mi1,5914.7
39858,Mi1,5914.8
58862,Mi1,5914.8
59397,Mi1,5914.8
61659,Tm3,5914.8
102298,T4c,5914.8
107621,T4d,5914.8
12521,HST,5914.900000000001
81996,T2a,5914.900000000001
75660,T2a,5914.900000000001
52350,Mi1,5914.900000000001
10284,VS,5914.900000000001
37270,Mi1,5914.900000000001
83125,T4b,5914.900000000001
10025,H2,5914.900000000001
38748,Mi1,5914.900000000001
99731,T4c,5914.900000000001
97288,T4c,5915.0
102572,T4c,5915.0
96262,T4c,5915.0
100673,T4b,5915.0
40635,Mi1,5915.0
35683,Mi1,5915.0
77232,T2,5915.0
34272,Mi1,5915.0
45719,Mi1,5915.1
48531,Mi1,5915.1
79875,T4c,5915.1
91806,T4a,5915.200000000001
91469,T4c,5915.200000000001
94482,T4d,5915.200000000001
34171,Mi1,5915.200000000001
38227,Mi1,5915.200000000001
38421,Mi1,5915.3
58967,TmY3,5915.3
88922,T4c,5915.3
94058,T4b,5915.3
109857,T4d,5915.3
114817,T4d,5915.3
103025,T4a,5915.4
118029,T4b,5915.4
113852,T4b,5915.4
104931,T4c,5915.4
96812,T4a,5915.4
42675,Mi1,5915.4
42691,Mi1,5915.4
40219,Mi1,5915.4
36452,Mi1,5915.4
85856,TmY3,5915.4
114338,T4c,5915.500000000001
106166,T4b,5915.500000000001
104683,T4b,5915.500000000001
96307,T4a,5915.500000000001
93334,T4b,5915.500000000001
74373,Tm3,5915.500000000001
65515,T2,5915.500000000001
38791,Mi1,5915.500000000001
81836,T2a,5915.500000000001
93142,T4a,5915.6
537004,VSm,5915.6
107567,T4c,5915.6
103497,Tm3,5915.6
67113,Mi1,5915.6
111783,T4a,5915.6
49372,TmY3,5915.6
38529,Mi1,5915.6
67002,T2,5915.6
43334,TmY3,5915.6
39651,Mi1,5915.6
98026,T4b,5915.7
97186,T4a,5915.7
93527,T4a,5915.7
107143,T4d,5915.7
67810,Tm3,5915.7
41637,Mi1,5915.7
36275,Mi1,5915.7
72279,Mi1,5915.7
43872,Mi1,5915.8
36695,Mi1,5915.8
23098,LC4,5915.8
39688,Mi1,5915.900000000001
68485,T2a,5915.900000000001
71161,T2a,5915.900000000001
76038,Tm3,5915.900000000001
83689,T4a,5915.900000000001
45162,TmY3,5915.900000000001
87827,T2a,5916.0
104853,T4c,5916.0
102540,T4b,5916.0
171349687,Tm3,5916.0
55976,Mi1,5916.0
40171,Mi1,5916.0
39743,Mi1,5916.0
20264,Li28,5916.0
63673,Tm3,5916.0
10037,VS,5916.1
35777,Mi1,5916.1
37371,Mi1,5916.1
38477,Mi1,5916.1
86778,T4a,5916.1
90206,T4b,5916.1
103479,T4c,5916.1
113983,T4d,5916.2
100165,T4b,5916.2
97161,T4a,5916.2
93360,T4b,5916.2
67308,Mi1,5916.2
89282,T4a,5916.2
86416,T4a,5916.2
83583,T4d,5916.2
91804,T4d,5916.2
89784,T4b,5916.3
100190,T4c,5916.3
93025,T4b,5916.3
83191,T4a,5916.3
92842,T4a,5916.3
37509,Mi1,5916.3
36177,Mi1,5916.3
81378,T4b,5916.3
23047,Li28,5916.3
10755,H1,5916.3
10012,VS,5916.400000000001
31492,Mi1,5916.400000000001
99074,T4b,5916.400000000001
103570,T4d,5916.400000000001
107464,T4a,5916.5
78739,T4b,5916.5
91179,T4a,5916.5
35890,Mi1,5916.5
35498,Mi1,5916.5
36660,Mi1,5916.5
72796,Tm3,5916.599999999999
88992,T4c,5916.599999999999
37088,Mi1,5916.700000000001
102519,T4a,5916.700000000001
107835,T4b,5916.700000000001
109916,T4d,5916.700000000001
542412,Mi1,5916.700000000001
92251,T4b,5916.8
115511,T4d,5916.8
105122,T4b,5916.8
102229,T4d,5916.8
83465,T4a,5916.8
10015,HSN,5916.8
41668,Mi1,5916.8
40411,Mi1,5916.8
35173,Mi1,5916.8
74159,Tm3,5916.8
108974,T4c,5916.9
98226,T4b,5916.9
74937,T2a,5916.9
97249,T4d,5916.9
34626,Mi1,5916.9
34057,Mi1,5916.9
35152,Mi1,5916.9
69540,TmY3,5917.000000000001
71475,Tm3,5917.000000000001
81401,T4b,5917.000000000001
97835,T4a,5917.000000000001
106745,T4b,5917.000000000001
79297,T4a,5917.1
41804,Mi1,5917.1
37224,Mi1,5917.1
10112,VS,5917.1
37733,TmY3,5917.2
39595,Mi1,5917.2
40596,Mi1,5917.2
43485,Mi1,5917.2
43978,Mi1,5917.2
47967,Mi1,5917.2
98000,T4b,5917.2
101685,T4b,5917.2
106190,T4d,5917.2
106535,T4d,5917.2
116633,T4c,5917.2
530434,Tm3,5917.3
101245,T4a,5917.3
96211,T4d,5917.3
93865,T4c,5917.3
36410,Mi1,5917.3
88746,Tm3,5917.3
38767,Mi1,5917.3
37353,Mi1,5917.3
89825,T4a,5917.3
100501,T4b,5917.400000000001
533688,Tm3,5917.400000000001
106664,T4c,5917.400000000001
105379,T4c,5917.400000000001
98118,T4c,5917.400000000001
65542,T2,5917.400000000001
92640,T4d,5917.400000000001
73284,T2a,5917.400000000001
10023,HSS,5917.400000000001
97872,T4d,5917.400000000001
64540,T2,5917.5
107445,T4a,5917.5
122233,Tm3,5917.5
151155,T4b,5917.6
94624,T4a,5917.6
82211,T2a,5917.6
24867,VST1,5917.6
34479,Mi1,5917.6
10016,HSE,5917.6
37390,Mi1,5917.6
98890,T4c,5917.7
102845,T4b,5917.7
107159,T4b,5917.7
97677,T4c,5917.7
99292,T4a,5917.7
78503,T2a,5917.7
69063,Mi1,5917.7
64579,T2,5917.7
92146,T4a,5917.7
108344,T4d,5917.8
89252,T4b,5917.8
120016,Tm3,5917.8
60857,Mi1,5917.8
83379,Tm3,5917.8
92229,T4c,5917.900000000001
99609,T4a,5917.900000000001
100924,T4b,5917.900000000001
102910,T4b,5917.900000000001
103527,T4c,5917.900000000001
96365,T4a,5918.0
111949,T4c,5918.0
103657,T4b,5918.0
91303,T4b,5918.0
106401,T4d,5918.0
75590,T2a,5918.0
74023,T2a,5918.0
69980,Tm3,5918.0
36684,Mi1,5918.0
84123,T2a,5918.0
10025,H2,5918.099999999999
75298,T2a,5918.099999999999
100032,T4c,5918.099999999999
105802,T4c,5918.099999999999
104390,T4a,5918.200000000001
92644,T4d,5918.200000000001
74504,T2a,5918.200000000001
67614,Mi1,5918.200000000001
43615,Mi1,5918.200000000001
16545,Li28,5918.200000000001
15263,Li28,5918.200000000001
52328,TmY3,5918.200000000001
10322,OA-AL2i2,5918.3
69793,T2a,5918.3
88870,Tm3,5918.3
91510,T4c,5918.3
100729,T4b,5918.3
104368,T4c,5918.3
114850,Tm3,5918.4
35845,Mi1,5918.4
37294,Mi1,5918.4
61353,T2,5918.5
89139,T4c,5918.5
35234,Mi1,5918.5
10206,VS,5918.6
11134,VSm,5918.6
23606,Mi1,5918.6
82099,T4b,5918.6
93166,T4c,5918.6
101215,T4c,5918.6
108757,T4c,5918.6
112993,T4b,5918.7
104450,T4a,5918.7
104130,T4a,5918.7
99950,T4c,5918.7
84328,T4a,5918.7
77906,T2a,5918.7
44119,Mi1,5918.7
38133,Mi1,5918.7
36217,Mi1,5918.7
34300,Mi1,5918.7
11981,Li28,5918.7
76121,Tm3,5918.7
77174,T2a,5918.8
110076,T4c,5918.8
98409,T4c,5918.8
90423,T4b,5918.8
40400,Mi1,5918.8
39692,TmY3,5918.8
40026,TmY3,5918.8
35712,Mi1,5918.8
17280,Li28,5918.8
57871,T2,5918.8
113107,T4a,5918.900000000001
112369,T4d,5918.900000000001
98312,T4a,5918.900000000001
89092,T4c,5918.900000000001
87873,T4b,5918.900000000001
86419,Tm3,5918.900000000001
77594,T2a,5918.900000000001
67971,Tm3,5918.900000000001
66872,T2,5918.900000000001
41536,Mi1,5918.900000000001
41136,Mi1,5918.900000000001
40505,Mi1,5918.900000000001
116716,T4b,5918.900000000001
80435,T2a,5918.900000000001
86141,T4b,5919.0
74231,Tm3,5919.0
131034,Tm3,5919.0
90952,T4c,5919.0
64260,T2,5919.0
100488,T4c,5919.0
46248,Mi1,5919.0
37680,Mi1,5919.0
34404,Mi1,5919.0
34356,Mi1,5919.0
57239,Mi1,5919.0
105565,Tm3,5919.1
84267,T4c,5919.1
62562,T2,5919.1
87106,T4a,5919.1
41626,Mi1,5919.1
36533,Mi1,5919.1
41654,Mi1,5919.1
15909,Li28,5919.2
35934,Mi1,5919.2
39629,Mi1,5919.2
44282,Mi1,5919.2
83067,T4b,5919.2
87412,T4c,5919.2
95629,T4c,5919.2
95453,T4a,5919.3
108065,T4c,5919.3
83979,T4a,5919.3
93957,T4b,5919.3
40936,Mi1,5919.3
39727,Mi1,5919.3
14209,Li28,5919.3
44449,TmY3,5919.3
112744,T4d,5919.400000000001
104017,T4b,5919.400000000001
100855,T4a,5919.400000000001
99975,T4c,5919.400000000001
98393,T4a,5919.400000000001
89409,T4a,5919.400000000001
69380,Tm3,5919.400000000001
78731,Tm3,5919.400000000001
67152,Tm3,5919.400000000001
62272,T2,5919.400000000001
42010,TmY3,5919.400000000001
40795,Mi1,5919.400000000001
40085,Mi1,5919.400000000001
10001,DNp01,5919.400000000001
67464,Mi1,5919.400000000001
10037,VS,5919.5
38772,Mi1,5919.5
61768,T2,5919.5
72501,Mi1,5919.5
102564,T4a,5919.5
95677,T4c,5919.599999999999
79259,T4b,5919.599999999999
68982,Tm3,5919.599999999999
34899,Mi1,5919.599999999999
33907,Mi1,5919.700000000001
36881,Mi1,5919.700000000001
37677,Mi1,5919.700000000001
37839,Mi1,5919.700000000001
38708,Mi1,5919.700000000001
50633,TmY3,5919.700000000001
95532,T4a,5919.700000000001
98325,T4d,5919.8
96134,T4b,5919.8
68475,T2a,5919.8
46784,Mi1,5919.8
45349,Mi1,5919.8
53156,TmY3,5919.9
88152,T4c,5919.9
94282,T4c,5919.9
95681,T4a,5919.9
98504,T4c,5919.9
106701,T4d,5919.9
108847,T4d,5920.0
93941,T4b,5920.0
85536,T4a,5920.0
93935,T4a,5920.0
40854,Mi1,5920.0
38993,Mi1,5920.0
77916,T2a,5920.0
110182,T4c,5920.1
34369,Mi1,5920.1
35580,Mi1,5920.1
69597,Tm3,5920.1
81372,Tm3,5920.1
97193,T4a,5920.1
100310,T4d,5920.1
98985,T4c,5920.2
98175,T4c,5920.2
78856,Tm3,5920.2
70632,Tm3,5920.2
38208,Mi1,5920.2
39505,Mi1,5920.2
16033,Li28,5920.2
99316,T4b,5920.2
52485,TmY3,5920.2
101742,T4c,5920.3
96424,T4b,5920.3
113171,T4b,5920.3
104202,T4d,5920.3
91345,T4c,5920.3
87566,T4a,5920.3
88095,T4d,5920.3
72148,Tm3,5920.3
35428,Mi1,5920.3
10015,HSN,5920.3
112619,T4d,5920.4
106121,T4a,5920.4
105115,T4d,5920.4
100567,T4d,5920.4
69164,Mi1,5920.4
67150,T2a,5920.4
62569,T2,5920.4
60856,T2a,5920.4
54087,Mi1,5920.4
43063,Mi1,5920.4
39164,Mi1,5920.4
103557,T4a,5920.5
102462,T4c,5920.5
102113,T4b,5920.5
74411,Mi1,5920.5
71773,T2a,5920.5
78968,Tm3,5920.5
64149,Mi1,5920.5
49324,Mi1,5920.5
33091,Mi1,5920.5
10016,HSE,5920.5
66980,T2a,5920.5
36446,Mi1,5920.6
75343,Tm3,5920.6
91913,T4b,5920.6
102975,T4b,5920.6
115422,T4c,5920.6
159987,Tm3,5920.7
105403,T4c,5920.7
90135,T4c,5920.7
80137,T2a,5920.7
99922,T4c,5920.7
10755,H1,5920.799999999999
44527,Mi1,5920.799999999999
89434,T4c,5920.799999999999
99671,T4c,5920.799999999999
102448,T4d,5920.799999999999
95356,T4a,5920.900000000001
110968,T4b,5920.900000000001
97981,T4a,5920.900000000001
90394,T4a,5920.900000000001
66808,Tm3,5920.900000000001
44222,Mi1,5920.900000000001
37585,Mi1,5920.900000000001
37138,Mi1,5920.900000000001
35572,Mi1,5920.900000000001
103343,T4b,5921.0
100033,T4c,5921.0
84008,T4c,5921.0
71394,T2a,5921.0
71052,T2a,5921.0
62757,T2a,5921.0
43323,Mi1,5921.0
42533,TmY3,5921.0
37044,Mi1,5921.0
107812,T4a,5921.099999999999
92706,T4a,5921.099999999999
72558,T2a,5921.099999999999
71164,Mi1,5921.099999999999
67719,T2a,5921.099999999999
98404,T4d,5921.099999999999
48547,TmY3,5921.099999999999
37438,Mi1,5921.099999999999
10025,H2,5921.099999999999
62078,Mi1,5921.099999999999
10023,HSS,5921.099999999999
104412,T4a,5921.200000000001
82674,T4a,5921.200000000001
65833,Mi1,5921.200000000001
110855,T4a,5921.200000000001
38487,Mi1,5921.200000000001
35512,Mi1,5921.200000000001
34045,Mi1,5921.200000000001
40832,Mi1,5921.200000000001
121245,Tm3,5921.3
106821,T4b,5921.3
100345,T4c,5921.3
95554,T4b,5921.3
40106,Mi1,5921.3
36158,Mi1,5921.3
35888,Mi1,5921.3
34933,Mi1,5921.3
34867,Mi1,5921.3
34658,Mi1,5921.3
130994,Tm3,5921.3
38230,Mi1,5921.3
104414,T4d,5921.400000000001
72665,Mi1,5921.400000000001
85229,T4c,5921.400000000001
40958,Mi1,5921.400000000001
33394,Mi1,5921.400000000001
34938,Mi1,5921.400000000001
10112,VS,5921.400000000001
36369,Mi1,5921.400000000001
525839,Mi1,5921.5
105135,T4c,5921.5
96035,T4d,5921.5
70812,TmY3,5921.5
38857,Mi1,5921.5
37853,Mi1,5921.5
71029,T2,5921.5
36911,Mi1,5921.5
35724,Mi1,5921.5
33766,Mi1,5921.5
33614,Mi1,5921.5
30997,Mi1,5921.5
37529,Mi1,5921.5
35416,Mi1,5921.6
41120,Mi1,5921.6
42856,Mi1,5921.6
46230,TmY3,5921.6
94549,T4b,5921.6
103725,T4a,5921.6
103073,T4a,5921.700000000001
107819,T4c,5921.700000000001
89020,T4a,5921.700000000001
37243,Mi1,5921.700000000001
35840,Mi1,5921.700000000001
38596,Mi1,5921.700000000001
39791,Mi1,5921.8
72655,Mi1,5921.8
73767,Mi1,5921.8
88281,T4b,5921.8
92047,T4c,5921.8
125171,Tm3,5921.8
42758,Mi1,5921.9
39500,Mi1,5921.9
40256,Mi1,5921.9
56564,Mi1,5921.9
58224,Mi1,5921.9
102147,T4c,5921.9
89368,T4c,5922.000000000001
61292,T2,5922.000000000001
118948,T4d,5922.000000000001
37123,Mi1,5922.000000000001
35734,Mi1,5922.000000000001
46745,Mi1,5922.000000000001
100206,T4c,5922.1
74287,Tm3,5922.1
27788,Mi1,5922.1
41950,Mi1,5922.2
59008,Mi1,5922.2
89728,Tm3,5922.2
99387,T4a,5922.2
132339,Tm3,5922.2
35017,Mi1,5922.3
41809,Mi1,5922.3
90121,T4b,5922.3
537004,VSm,5922.400000000001
91741,T4d,5922.400000000001
72586,Tm3,5922.400000000001
72132,Tm3,5922.400000000001
43783,Mi1,5922.400000000001
34296,Mi1,5922.400000000001
37000,Mi1,5922.400000000001
36139,Mi1,5922.400000000001
33326,Mi1,5922.400000000001
24338,LC4,5922.400000000001
42942,Mi1,5922.400000000001
90145,T4a,5922.5
103314,T4b,5922.5
90567,T4b,5922.5
75318,T2,5922.5
48986,TmY3,5922.5
45176,Mi1,5922.5
12521,HST,5922.5
10284,VS,5922.5
57349,Mi1,5922.5
95926,T4a,5922.6
115369,T4c,5922.6
71765,T2a,5922.6
51191,TmY3,5922.6
66357,T2a,5922.6
39405,Mi1,5922.6
38768,Mi1,5922.6
37108,Mi1,5922.6
39894,T4b,5922.6
108161,T4a,5922.7
19292,Li28,5922.7
39716,Mi1,5922.7
47686,TmY3,5922.7
66604,TmY3,5922.7
93750,T4c,5922.7
108948,T4b,5922.8
90888,T4b,5922.8
97306,T4a,5922.8
72452,T2,5922.8
10037,VS,5922.8
36540,Mi1,5922.8
40577,Mi1,5922.8
10012,VS,5922.8
33918,Mi1,5922.900000000001
39525,Mi1,5922.900000000001
68167,Tm3,5922.900000000001
97480,T4c,5922.900000000001
99310,T4a,5922.900000000001
100785,T4b,5922.900000000001
106952,T4b,5922.900000000001
108349,T4d,5922.900000000001
39438,Mi1,5923.0
106203,T4d,5923.0
101005,T4d,5923.0
94283,T4d,5923.0
35045,Mi1,5923.0
68562,T2a,5923.0
68535,T2a,5923.0
110482,T4b,5923.0
85152,T4c,5923.0
112179,T4b,5923.0
37756,Mi1,5923.1
107095,T4c,5923.1
74725,T2a,5923.1
34329,Mi1,5923.1
72194,Tm3,5923.1
107609,T4d,5923.200000000001
20808,LC4,5923.200000000001
34189,Mi1,5923.200000000001
37391,Mi1,5923.200000000001
40235,Mi1,5923.200000000001
40944,Mi1,5923.200000000001
88491,T4a,5923.200000000001
91629,T4a,5923.200000000001
99670,T4c,5923.200000000001
119103,T4c,5923.200000000001
34142,Mi1,5923.3
38710,Mi1,5923.3
83204,T4d,5923.3
105313,T4a,5923.3
77527,T4a,5923.4
50552,Mi1,5923.4
82299,T4c,5923.4
106522,T4d,5923.4
45319,Mi1,5923.4
33017,Mi1,5923.4
16596,Li28,5923.4
10016,HSE,5923.4
35405,Mi1,5923.4
111017,T4d,5923.500000000001
110555,T4b,5923.500000000001
98911,T4b,5923.500000000001
111746,Tm3,5923.500000000001
37927,Mi1,5923.500000000001
37019,Mi1,5923.500000000001
34079,Mi1,5923.500000000001
98439,T4a,5923.500000000001
93021,T4a,5923.6
73139,Tm3,5923.7
74303,Mi1,5923.7
88039,T4c,5923.7
88084,T4b,5923.7
94147,T4a,5923.7
97545,T4c,5923.7
98349,T4a,5923.7
112321,T4d,5923.7
106840,T4b,5923.8
103765,T4d,5923.8
100996,T4b,5923.8
42594,Mi1,5923.8
84689,Tm3,5923.8
17596,Li28,5923.8
99011,T4c,5923.8
37699,Mi1,5923.900000000001
59959,Mi1,5923.900000000001
70158,T2a,5923.900000000001
102741,T4c,5923.900000000001
101772,Tm3,5924.0
90533,T4c,5924.0
71929,T2,5924.0
47368,TmY3,5924.0
35806,Mi1,5924.0
37599,Mi1,5924.0
35218,Mi1,5924.0
10015,HSN,5924.0
40703,Mi1,5924.0
72066,Tm3,5924.1
95345,T4d,5924.1
90520,T4a,5924.1
38455,Mi1,5924.1
10206,VS,5924.1
37084,Mi1,5924.1
42872,Mi1,5924.1
31848,Mi1,5924.1
10025,H2,5924.2
94287,T4d,5924.2
98668,T4a,5924.2
106510,T4b,5924.2
121170,Tm3,5924.2
130861,Tm3,5924.2
116129,T4b,5924.3
107297,T4c,5924.3
107031,T4b,5924.3
104256,T4a,5924.3
84038,Tm3,5924.3
41659,Mi1,5924.3
45322,Mi1,5924.3
38648,Mi1,5924.3
32535,Mi1,5924.3
64977,T2,5924.3
99137,T4c,5924.400000000001
97675,T4c,5924.400000000001
109142,T4b,5924.400000000001
16545,Li28,5924.400000000001
39275,Mi1,5924.400000000001
37113,Mi1,5924.5
94703,T4c,5924.5
97853,T4c,5924.5
98398,T4c,5924.5
102595,T4d,5924.5
103108,T4b,5924.5
109727,T4b,5924.5
526158,Mi1,5924.599999999999
105214,T4c,5924.599999999999
98837,T4c,5924.599999999999
78317,T4a,5924.599999999999
41709,Mi1,5924.599999999999
15909,Li28,5924.599999999999
87289,T4a,5924.599999999999
78477,T4a,5924.700000000001
99348,T4c,5924.700000000001
100897,T4c,5924.700000000001
68842,TmY3,5924.8
100956,T4d,5924.8
74044,Tm3,5924.8
51049,Mi1,5924.8
59277,TmY3,5924.8
42895,Mi1,5924.8
39067,Mi1,5924.8
37555,Mi1,5924.8
34463,Mi1,5924.8
10023,HSS,5924.9
15019,Li28,5924.9
37568,Mi1,5924.9
94324,Tm3,5924.9
97145,T4c,5924.9
101620,T4b,5924.9
101945,T4b,5924.9
111416,Tm3,5925.000000000001
111184,T4a,5925.000000000001
14416,VST2,5925.000000000001
104297,T4a,5925.000000000001
109631,T4b,5925.000000000001
32893,Mi1,5925.1
33942,Mi1,5925.1
71230,Tm3,5925.1
85778,T4b,5925.1
107334,T4a,5925.2
107442,T4d,5925.2
80855,Tm3,5925.2
65009,T2,5925.2
39718,Mi1,5925.2
96676,T4b,5925.2
43965,Mi1,5925.3
63175,Mi1,5925.3
63868,T2a,5925.3
80812,T4a,5925.3
88398,T4a,5925.3
104621,T4c,5925.3
35836,Mi1,5925.400000000001
10755,H1,5925.400000000001
67408,Mi1,5925.400000000001
100787,T4b,5925.400000000001
105706,T4a,5925.400000000001
80913,T4a,5925.5
38514,Mi1,5925.5
95883,T4a,5925.5
38178,Mi1,5925.5
36252,Mi1,5925.5
38238,Mi1,5925.5
125288,Tm3,5925.5
101589,T4a,5925.6
90027,T4c,5925.6
117662,T4d,5925.6
33216,Mi1,5925.6
46662,TmY3,5925.6
10112,VS,5925.7
34606,Mi1,5925.7
69961,Tm3,5925.7
93927,T4a,5925.7
93224,T4a,5925.8
92939,T4b,5925.8
63825,Tm3,5925.8
96126,T4b,5925.8
44700,Mi1,5925.8
22194,LC4,5925.8
60698,TmY3,5925.8
15422,VST2,5925.900000000001
36646,Mi1,5925.900000000001
38721,Mi1,5925.900000000001
50333,TmY3,5925.900000000001
79134,Tm3,5925.900000000001
89102,T4d,5925.900000000001
92911,T4c,5926.0
108870,T4a,5926.0
108119,T4c,5926.0
105099,T4b,5926.0
91313,T4a,5926.0
80483,T4c,5926.0
65671,Mi1,5926.0
63021,Tm3,5926.0
48894,TmY3,5926.0
36990,Mi1,5926.0
35260,Mi1,5926.0
101441,T4a,5926.099999999999
98194,T4d,5926.099999999999
89290,T4d,5926.099999999999
106922,T4c,5926.099999999999
42119,Mi1,5926.099999999999
35774,Mi1,5926.099999999999
45696,Mi1,5926.099999999999
10037,VS,5926.200000000001
11981,Li28,5926.200000000001
35001,Mi1,5926.200000000001
38241,Mi1,5926.200000000001
41671,TmY3,5926.200000000001
71361,Tm3,5926.200000000001
99863,T4d,5926.200000000001
121887,T4b,5926.3
112613,T4d,5926.3
111857,T4d,5926.3
102370,T4c,5926.3
73447,Tm3,5926.3
53065,Mi1,5926.3
57398,Mi1,5926.3
20634,VST1,5926.3
135612,Tm3,5926.4
99789,T4d,5926.4
94153,T4d,5926.4
63468,Mi1,5926.4
117179,T4c,5926.4
47465,TmY3,5926.4
16033,Li28,5926.4
10016,HSE,5926.4
50345,TmY3,5926.4
37948,Mi1,5926.5
41435,Mi1,5926.5
70289,Mi1,5926.5
92055,T4c,5926.5
95822,T4b,5926.5
103351,T4a,5926.5
111613,T4d,5926.5
104336,T4b,5926.6
113945,T4d,5926.6
97878,T4b,5926.6
65513,T2a,5926.6
35113,Mi1,5926.6
70490,Mi1,5926.6
33655,Mi1,5926.7
35602,Mi1,5926.7
61500,Tm3,5926.7
72005,Tm3,5926.7
88933,T4a,5926.7
100838,T4c,5926.7
108475,T4b,5926.7
115111,T4a,5926.8
114995,T4b,5926.8
84063,T4b,5926.8
83677,T4c,5926.8
41296,Mi1,5926.8
71089,Mi1,5926.8
63420,Mi1,5926.8
34862,Mi1,5926.8
75557,Tm3,5926.8
91987,T4c,5926.900000000001
101770,T4b,5926.900000000001
101380,T4d,5926.900000000001
95985,T4c,5926.900000000001
78940,T4a,5926.900000000001
48286,Mi1,5926.900000000001
69915,TmY3,5926.900000000001
74853,Tm3,5926.900000000001
34849,Mi1,5926.900000000001
33446,Mi1,5926.900000000001
124357,T4d,5927.0
114088,T4d,5927.0
85429,T4d,5927.0
79358,T2a,5927.0
79253,T4a,5927.0
62947,T2a,5927.0
44564,TmY3,5927.0
37270,Mi1,5927.0
33110,Mi1,5927.0
10072,OA-AL2i1,5927.0
63994,Mi1,5927.0
91366,T4b,5927.1
48060,Mi1,5927.1
112594,T4b,5927.1
11134,VSm,5927.1
30923,TmY3,5927.1
36305,Mi1,5927.2
38479,Mi1,5927.2
41522,Mi1,5927.2
85866,T4b,5927.2
100319,T4b,5927.3
58862,Mi1,5927.3
97028,T4c,5927.3
36954,Mi1,5927.3
10025,H2,5927.3
36994,Mi1,5927.3
85837,Tm3,5927.400000000001
92273,T2a,5927.400000000001
101302,T4d,5927.400000000001
106295,T4b,5927.400000000001
88698,T4a,5927.5
98846,T4c,5927.5
98654,T4d,5927.5
89099,T4a,5927.5
82313,T4a,5927.5
94356,T4c,5927.5
64849,Tm3,5927.5
10015,HSN,5927.5
36452,Mi1,5927.5
77910,Tm3,5927.5
48514,TmY3,5927.5
58945,Tm3,5927.5
35100,Mi1,5927.599999999999
43689,Mi1,5927.599999999999
87896,T4a,5927.599999999999
100261,T4c,5927.599999999999
108066,T4b,5927.599999999999
106362,T4d,5927.700000000001
82208,T2a,5927.700000000001
80582,T4a,5927.700000000001
37631,Mi1,5927.700000000001
35897,Mi1,5927.700000000001
38529,Mi1,5927.700000000001
35235,Mi1,5927.700000000001
98625,T4a,5927.8
81486,T4b,5927.8
98598,T4c,5927.8
97231,T4a,5927.8
96090,T4c,5927.8
80302,T2a,5927.8
50311,TmY3,5927.8
43414,Mi1,5927.8
38987,Mi1,5927.8
23047,Li28,5927.8
66325,Tm3,5927.8
101994,T4a,5927.9
96576,T4c,5927.9
82529,T2a,5927.9
76733,Tm3,5927.9
93564,T4d,5927.9
40426,Mi1,5927.9
39158,Mi1,5927.9
38893,Mi1,5927.9
59864,Tm3,5927.9
10284,VS,5928.0
35683,Mi1,5928.0
38461,Mi1,5928.0
41399,Mi1,5928.0
71944,T2a,5928.0
92171,T4b,5928.0
101228,T4a,5928.0
98137,T4d,5928.1
79449,T4b,5928.1
98381,T4d,5928.1
70697,Tm3,5928.1
62894,Tm3,5928.1
71931,Tm3,5928.1
10311,VS,5928.2
38687,Mi1,5928.2
96852,T4a,5928.2
98748,T4c,5928.2
123490,Tm3,5928.2
35770,Mi1,5928.3
38632,Mi1,5928.3
47211,Mi1,5928.3
103579,T4c,5928.4
98692,T4a,5928.4
90731,T4b,5928.4
90657,T4a,5928.4
90566,T4d,5928.4
102814,T4b,5928.4
79271,T4a,5928.4
42048,Mi1,5928.4
40635,Mi1,5928.4
82536,T4d,5928.4
38421,Mi1,5928.4
95287,T4a,5928.5
91057,T4c,5928.5
84631,T4c,5928.5
122290,Tm3,5928.5
35447,Mi1,5928.5
25893,VST1,5928.5
41613,Mi1,5928.5
10012,VS,5928.6
20264,Li28,5928.6
33462,Mi1,5928.6
38748,Mi1,5928.6
44438,Mi1,5928.6
46827,Mi1,5928.6
74112,T2a,5928.6
87424,T4d,5928.6
92431,T4a,5928.7
94081,T4c,5928.7
92552,T4a,5928.7
85598,T4b,5928.7
98448,T4b,5928.7
76788,T4b,5928.7
66852,Mi1,5928.7
66227,Tm3,5928.7
10023,HSS,5928.7
82425,T4b,5928.7
102786,Tm3,5928.799999999999
92472,T4c,5928.799999999999
71938,T2a,5928.799999999999
117551,Tm3,5928.799999999999
41545,Mi1,5928.799999999999
36346,Mi1,5928.799999999999
51122,Mi1,5928.799999999999
35290,Mi1,5928.900000000001
42691,Mi1,5928.900000000001
55101,Mi1,5928.900000000001
70239,T2,5928.900000000001
89934,T4d,5928.900000000001
94866,T4d,5928.900000000001
104191,T4a,5928.900000000001
105180,T4c,5928.900000000001
121093,T4b,5929.0
109645,T4b,5929.0
81064,Tm3,5929.0
90371,T4d,5929.0
52350,Mi1,5929.0
45719,Mi1,5929.0
39858,Mi1,5929.0
67113,Mi1,5929.0
10206,VS,5929.1
17280,Li28,5929.1
74088,T2a,5929.1
103195,T4a,5929.1
10001,DNp01,5929.200000000001
10112,VS,5929.200000000001
86907,T4a,5929.200000000001
89485,T4a,5929.200000000001
537004,VSm,5929.3
70153,Tm3,5929.3
59397,Mi1,5929.3
38791,Mi1,5929.3
38227,Mi1,5929.3
39743,Mi1,5929.3
34171,Mi1,5929.400000000001
40219,Mi1,5929.400000000001
63050,T2a,5929.400000000001
81706,T2a,5929.400000000001
97326,T4c,5929.400000000001
122273,Tm3,5929.400000000001
98887,T4b,5929.5
111380,Tm3,5929.5
92114,T4c,5929.5
101382,T4c,5929.5
37371,Mi1,5929.5
58703,T2,5929.5
10016,HSE,5929.5
95005,T4a,5929.5
36275,Mi1,5929.5
34272,Mi1,5929.6
35890,Mi1,5929.6
55976,Mi1,5929.6
76003,Tm3,5929.6
77891,Tm3,5929.6
91222,T4d,5929.6
94471,T4a,5929.6
103645,T4c,5929.6
104027,T4d,5929.6
121816,T4a,5929.6
546524,Mi1,5929.6
97184,T4d,5929.700000000001
78086,T4c,5929.700000000001
48531,Mi1,5929.700000000001
10037,VS,5929.700000000001
39651,Mi1,5929.700000000001
16570,VST2,5929.700000000001
45948,TmY3,5929.700000000001
93588,T4b,5929.8
542412,Mi1,5929.8
105332,T4b,5929.8
104257,T4b,5929.8
99423,T4d,5929.8
83307,Tm3,5929.8
40171,Mi1,5929.8
68840,TmY3,5929.8
67131,Tm3,5929.8
37037,Mi1,5929.8
15909,Li28,5929.8
10755,H1,5929.8
72279,Mi1,5929.8
117586,T4c,5929.9
116311,T4d,5929.9
112453,T4c,5929.9
104753,T4a,5929.9
96295,T4b,5929.9
83156,T2a,5929.9
81015,T4a,5929.9
77846,Tm3,5929.9
34626,Mi1,5929.9
86175,T4a,5929.9
91283,T4c,5930.000000000001
96434,T4d,5930.000000000001
95017,T4c,5930.000000000001
78421,T2a,5930.000000000001
40596,Mi1,5930.000000000001
67072,T2a,5930.000000000001
77383,T2a,5930.000000000001
38477,Mi1,5930.000000000001
42675,Mi1,5930.1
70281,T2a,5930.1
100946,T4c,5930.1
102991,T4c,5930.1
123514,Tm3,5930.1
547091,T2,5930.2
109384,T4d,5930.2
107628,T4d,5930.2
104008,T4b,5930.2
90097,T4c,5930.2
44449,TmY3,5930.2
35498,Mi1,5930.2
35152,Mi1,5930.2
34057,Mi1,5930.2
82549,T4b,5930.2
106793,T4d,5930.3
116610,T4d,5930.3
118385,T4b,5930.3
110403,T4b,5930.3
103022,T4a,5930.3
41637,Mi1,5930.3
96784,T4b,5930.3
96219,T4b,5930.3
41668,Mi1,5930.3
37224,Mi1,5930.3
97899,T4a,5930.3
10025,H2,5930.400000000001
36177,Mi1,5930.400000000001
36410,Mi1,5930.400000000001
82976,Tm3,5930.400000000001
94071,T4a,5930.400000000001
98245,T4c,5930.400000000001
98139,T4d,5930.5
109536,T4d,5930.5
108594,T4d,5930.5
105895,T4a,5930.5
94368,T4a,5930.5
104858,T4b,5930.5
83639,T2a,5930.5
93972,T4a,5930.5
82656,T2a,5930.5
51231,TmY3,5930.5
31492,Mi1,5930.5
127970,Tm3,5930.6
107105,T4d,5930.6
96081,T4a,5930.6
42006,TmY3,5930.6
36660,Mi1,5930.6
66345,T2a,5930.6
48930,TmY3,5930.7
113228,T4b,5930.7
99572,T4a,5930.8
106200,T4c,5930.8
105541,T4a,5930.8
96199,T4a,5930.8
107529,T4d,5930.8
94089,T4d,5930.8
91469,T4c,5930.8
65850,T2a,5930.8
94668,T4d,5930.8
106950,T4c,5930.900000000001
97885,T4a,5930.900000000001
90259,T4d,5930.900000000001
78927,T2a,5930.900000000001
119245,T4d,5930.900000000001
41804,Mi1,5930.900000000001
37509,Mi1,5930.900000000001
12521,HST,5930.900000000001
77484,T4d,5930.900000000001
10015,HSN,5931.0
40411,Mi1,5931.0
43872,Mi1,5931.0
84010,Tm3,5931.0
86536,Tm3,5931.0
94755,T4a,5931.0
97866,T4d,5931.0
104123,T4b,5931.0
78911,Tm3,5931.1
102031,T4c,5931.1
112545,T4d,5931.1
70188,T2,5931.1
90900,T4a,5931.1
47967,Mi1,5931.1
37353,Mi1,5931.1
16545,Li28,5931.1
68951,TmY3,5931.1
109023,T4c,5931.200000000001
103425,T4a,5931.200000000001
100018,T4a,5931.200000000001
90219,T4a,5931.200000000001
111236,T4d,5931.200000000001
69186,Tm3,5931.200000000001
43924,TmY3,5931.200000000001
35777,Mi1,5931.200000000001
81733,Tm3,5931.200000000001
104674,T4a,5931.3
97792,T4b,5931.3
100046,T4b,5931.3
35173,Mi1,5931.3
10687,OA-AL2i3,5931.3
35234,Mi1,5931.3
34479,Mi1,5931.4
39688,Mi1,5931.4
43978,Mi1,5931.4
85741,T4a,5931.500000000001
92054,T4b,5931.500000000001
107640,T4c,5931.500000000001
83438,T4a,5931.500000000001
35845,Mi1,5931.500000000001
60979,TmY3,5931.500000000001
36695,Mi1,5931.500000000001
16606,VST2,5931.500000000001
75027,Tm3,5931.500000000001
108625,T4b,5931.6
108438,T4d,5931.6
104703,T4d,5931.6
100087,T4b,5931.6
96003,T4d,5931.6
99157,T4a,5931.6
59528,T2a,5931.6
49441,TmY3,5931.6
38767,Mi1,5931.6
34300,Mi1,5931.6
95458,T4d,5931.6
37294,Mi1,5931.7
85126,T4a,5931.7
91682,T4b,5931.7
98817,T4a,5931.8
119601,T4d,5931.8
75521,T2a,5931.8
108697,T4d,5931.8
73122,T2a,5931.8
74259,T2a,5931.8
39692,TmY3,5931.8
93984,T4b,5931.8
67308,Mi1,5931.8
90467,T4d,5931.900000000001
93482,T4d,5931.900000000001
107075,T4d,5931.900000000001
37088,Mi1,5932.0
69063,Mi1,5932.0
86778,T4a,5932.0
88435,Tm3,5932.0
91505,T4c,5932.0
108307,T4b,5932.1
104905,T4c,5932.1
43485,Mi1,5932.1
87358,T4a,5932.1
90278,T4a,5932.1
95972,T4d,5932.2
109996,T4c,5932.2
103148,T4a,5932.2
102801,T4b,5932.2
97288,T4c,5932.2
91325,T4a,5932.2
85731,T4d,5932.2
85378,T4a,5932.2
81620,T2a,5932.2
71228,T2a,5932.2
36684,Mi1,5932.2
85938,T4a,5932.2
54885,TmY3,5932.3
11981,Li28,5932.3
37680,Mi1,5932.3
38708,Mi1,5932.3
69546,Tm3,5932.3
92684,T4c,5932.3
101878,T4a,5932.3
107715,T4a,5932.3
99980,T4c,5932.400000000001
88922,T4c,5932.400000000001
106844,T4d,5932.400000000001
81548,T2a,5932.400000000001
103677,T4b,5932.400000000001
40505,Mi1,5932.400000000001
39727,Mi1,5932.400000000001
35712,Mi1,5932.400000000001
10023,HSS,5932.400000000001
41136,Mi1,5932.400000000001
41654,Mi1,5932.5
71398,Tm3,5932.5
83161,T2a,5932.5
83365,T2a,5932.5
112310,T4d,5932.5
106338,T4a,5932.599999999999
103780,T4c,5932.599999999999
99663,T4c,5932.599999999999
86932,T4b,5932.599999999999
40400,Mi1,5932.599999999999
40085,Mi1,5932.599999999999
16033,Li28,5932.599999999999
34899,Mi1,5932.599999999999
34356,Mi1,5932.599999999999
10112,VS,5932.599999999999
10016,HSE,5932.599999999999
39629,Mi1,5932.599999999999
103867,T4a,5932.700000000001
95364,T4d,5932.700000000001
94058,T4b,5932.700000000001
63190,T2,5932.700000000001
75172,T2a,5932.700000000001
34369,Mi1,5932.700000000001
79704,T4d,5932.700000000001
110988,T4a,5932.8
100282,T4a,5932.8
92281,T4c,5932.8
539983,T4c,5932.8
67614,Mi1,5932.8
67464,Mi1,5932.8
41626,Mi1,5932.8
83042,T4b,5932.8
39595,Mi1,5932.9
77361,T4a,5932.9
95990,T4a,5932.9
98099,T4b,5932.9
112633,T4b,5932.9
133040,Tm3,5932.9
92996,T4a,5933.000000000001
111134,T4d,5933.000000000001
104622,T4b,5933.000000000001
86416,T4a,5933.000000000001
105521,T4c,5933.000000000001
41536,Mi1,5933.000000000001
15263,Li28,5933.000000000001
46248,Mi1,5933.000000000001
10037,VS,5933.000000000001
111623,T4a,5933.1
49324,Mi1,5933.1
10206,VS,5933.1
40716,Tm3,5933.1
37390,Mi1,5933.2
42533,TmY3,5933.2
57239,Mi1,5933.2
68212,T2a,5933.2
101480,T4c,5933.2
105962,T4b,5933.2
113410,T4d,5933.2
121313,T4d,5933.2
118924,Tm3,5933.3
115390,T4d,5933.3
92862,T4b,5933.3
91674,T4a,5933.3
90112,T4c,5933.3
36533,Mi1,5933.3
64149,Mi1,5933.3
44592,TmY3,5933.3
10012,VS,5933.3
86630,Tm3,5933.3
102479,T4c,5933.400000000001
40936,Mi1,5933.400000000001
108461,T4b,5933.400000000001
14209,Li28,5933.400000000001
40795,Mi1,5933.400000000001
62851,Tm3,5933.5
63489,T2,5933.5
103025,T4a,5933.5
10025,H2,5933.6
34404,Mi1,5933.6
88127,T4b,5933.6
91914,T4a,5933.6
104996,T4a,5933.6
112944,T4b,5933.6
91179,T4a,5933.7
110693,Tm3,5933.7
107356,T4d,5933.7
99773,Tm3,5933.7
90419,T4b,5933.7
101732,T4c,5933.7
60857,Mi1,5933.7
44222,Mi1,5933.7
44119,Mi1,5933.7
38208,Mi1,5933.7
86578,T4c,5933.7
135467,Tm3,5933.8
97186,T4a,5933.8
105574,T4d,5933.8
83583,T4d,5933.8
11134,VSm,5933.8
43615,Mi1,5933.8
40256,Mi1,5933.8
36217,Mi1,5933.8
83125,T4b,5933.8
123299,T4c,5933.900000000001
95239,T4a,5933.900000000001
94596,T4b,5933.900000000001
69164,Mi1,5933.900000000001
109598,T4b,5933.900000000001
38133,Mi1,5933.900000000001
10755,H1,5933.900000000001
10269,OA-AL2i2,5933.900000000001
42758,Mi1,5933.900000000001
84328,T4a,5934.0
87845,T4a,5934.0
98788,T4d,5934.0
105276,T4d,5934.0
87763,T4a,5934.099999999999
127153,Tm3,5934.099999999999
112344,T4c,5934.099999999999
99628,T4b,5934.099999999999
138152,Tm3,5934.099999999999
79483,Tm3,5934.099999999999
35580,Mi1,5934.099999999999
49788,TmY3,5934.099999999999
37677,Mi1,5934.099999999999
33907,Mi1,5934.099999999999
30997,Mi1,5934.099999999999
23606,Mi1,5934.099999999999
77138,Tm3,5934.099999999999
112393,T4a,5934.200000000001
112027,T4d,5934.200000000001
109153,T4a,5934.200000000001
76325,T2a,5934.200000000001
37529,Mi1,5934.200000000001
41464,TmY3,5934.200000000001
37138,Mi1,5934.200000000001
34867,Mi1,5934.200000000001
117862,T4d,5934.200000000001
47696,TmY3,5934.200000000001
96657,T4c,5934.3
98039,T4d,5934.3
74375,Tm3,5934.3
102425,T4b,5934.3
69441,Tm3,5934.3
95235,T4d,5934.3
45349,Mi1,5934.3
62856,T2,5934.3
37839,Mi1,5934.3
36881,Mi1,5934.3
10284,VS,5934.3
100774,T4a,5934.4
99131,T4c,5934.4
86992,T4b,5934.4
89409,T4a,5934.4
44282,Mi1,5934.4
38772,Mi1,5934.4
10015,HSN,5934.4
82576,T4b,5934.4
35512,Mi1,5934.5
38993,Mi1,5934.5
39164,Mi1,5934.5
54087,Mi1,5934.5
92682,T4a,5934.5
103827,T4c,5934.5
107420,T4b,5934.6
109276,T4d,5934.6
104478,T4d,5934.6
62078,Mi1,5934.6
83009,T4b,5934.6
54423,TmY3,5934.6
93509,T4b,5934.6
113991,T4d,5934.7
103344,T4b,5934.7
100874,T4a,5934.7
98467,T4d,5934.7
102910,T4b,5934.7
78943,T2a,5934.7
74061,Tm3,5934.7
44527,Mi1,5934.7
86504,T4b,5934.7
33614,Mi1,5934.8
35934,Mi1,5934.8
37438,Mi1,5934.8
106401,T4d,5934.8
46784,Mi1,5934.9
107719,T4b,5934.9
41120,Mi1,5934.9
98238,T4b,5934.9
38230,Mi1,5934.9
40854,Mi1,5934.9
15909,Li28,5934.9
537004,VSm,5935.0
107010,T4d,5935.0
100856,T4a,5935.0
98862,Tm3,5935.0
85664,TmY3,5935.0
85170,T4c,5935.0
96163,T4b,5935.0
79646,Tm3,5935.0
58224,Mi1,5935.0
42856,Mi1,5935.0
36446,Mi1,5935.0
35416,Mi1,5935.0
34933,Mi1,5935.0
83682,Tm3,5935.0
35888,Mi1,5935.1
36911,Mi1,5935.1
74860,Tm3,5935.1
96931,T4b,5935.1
114698,T4b,5935.1
93527,T4a,5935.2
117151,T4d,5935.2
109774,T4d,5935.2
72938,T2a,5935.2
39505,Mi1,5935.2
58553,TmY3,5935.2
41950,Mi1,5935.2
67424,T2,5935.2
33394,Mi1,5935.3
72501,Mi1,5935.3
103152,T4a,5935.3
108974,T4c,5935.400000000001
103870,T4a,5935.400000000001
74411,Mi1,5935.400000000001
67810,Tm3,5935.400000000001
66538,T2,5935.400000000001
34658,Mi1,5935.400000000001
34045,Mi1,5935.400000000001
33091,Mi1,5935.400000000001
33017,Mi1,5935.400000000001
37044,Mi1,5935.400000000001
64485,T2,5935.5
86686,T4c,5935.5
48607,TmY3,5935.5
107240,T4b,5935.5
35017,Mi1,5935.5
36139,Mi1,5935.5
34938,Mi1,5935.5
10016,HSE,5935.599999999999
40106,Mi1,5935.599999999999
40958,Mi1,5935.599999999999
43783,Mi1,5935.599999999999
72665,Mi1,5935.599999999999
74731,T2a,5935.599999999999
88152,T4c,5935.599999999999
100867,T4b,5935.599999999999
103654,T4b,5935.599999999999
92046,T4d,5935.700000000001
69889,T2a,5935.700000000001
56984,TmY3,5935.700000000001
40832,Mi1,5935.700000000001
35840,Mi1,5935.700000000001
37853,Mi1,5935.700000000001
36369,Mi1,5935.700000000001
38857,Mi1,5935.700000000001
65443,T2a,5935.8
101072,T4b,5935.8
81883,T2a,5935.8
43063,Mi1,5935.8
37123,Mi1,5935.8
36540,Mi1,5935.8
10023,HSS,5935.8
46745,Mi1,5935.8
10112,VS,5935.9
20808,LC4,5935.9
33766,Mi1,5935.9
43323,Mi1,5935.9
37243,Mi1,5936.0
64633,T2a,5936.0
48547,TmY3,5936.0
45319,Mi1,5936.0
39716,Mi1,5936.0
35428,Mi1,5936.0
36158,Mi1,5936.0
80911,Tm3,5936.0
34296,Mi1,5936.0
37585,Mi1,5936.0
101215,T4c,5936.0
100488,T4c,5936.1
102579,T4b,5936.1
105565,Tm3,5936.1
90423,T4b,5936.1
37391,Mi1,5936.1
35724,Mi1,5936.1
10037,VS,5936.1
40235,Mi1,5936.1
38768,Mi1,5936.2
57349,Mi1,5936.2
59959,Mi1,5936.2
106801,T4c,5936.2
149504,T4d,5936.3
104972,T4a,5936.3
73767,Mi1,5936.3
94549,T4b,5936.3
39275,Mi1,5936.3
11551,VS,5936.3
65833,Mi1,5936.3
44746,TmY3,5936.4
89282,T4a,5936.4
124867,T4d,5936.4
48283,TmY3,5936.5
71164,Mi1,5936.5
82724,Tm3,5936.5
103302,T4c,5936.5
525839,Mi1,5936.6
94953,T4d,5936.6
70321,Tm3,5936.6
39405,Mi1,5936.6
40703,Mi1,5936.6
38487,Mi1,5936.6
45176,Mi1,5936.6
10025,H2,5936.7
37000,Mi1,5936.7
85074,T4a,5936.7
89784,T4b,5936.7
95454,T4a,5936.7
104884,T4b,5936.7
107445,T4a,5936.8
85039,T2a,5936.8
80197,T4a,5936.8
76446,TmY3,5936.8
39500,Mi1,5936.8
41809,Mi1,5936.8
39525,Mi1,5936.8
34079,Mi1,5936.8
51963,TmY3,5936.8
115686,T4b,5936.900000000001
103033,T4a,5936.900000000001
102975,T4b,5936.900000000001
72655,Mi1,5936.900000000001
100105,T4a,5936.900000000001
38596,Mi1,5936.900000000001
35405,Mi1,5936.900000000001
10206,VS,5936.900000000001
68264,Tm3,5936.900000000001
106886,T4c,5937.0
104942,T4a,5937.0
104683,T4b,5937.0
104130,T4a,5937.0
102045,T4a,5937.0
84490,T4a,5937.0
84267,T4c,5937.0
82130,T2a,5937.0
40944,Mi1,5937.0
37756,Mi1,5937.0
94743,T4d,5937.0
72426,Tm3,5937.1
77395,T4b,5937.1
56564,Mi1,5937.1
93166,T4c,5937.1
35572,Mi1,5937.1
33326,Mi1,5937.1
19292,Li28,5937.1
42872,Mi1,5937.1
33918,Mi1,5937.200000000001
34142,Mi1,5937.200000000001
40577,Mi1,5937.200000000001
41659,Mi1,5937.200000000001
41709,Mi1,5937.200000000001
70708,T2,5937.200000000001
114457,T4d,5937.200000000001
117221,T4c,5937.200000000001
132624,Tm3,5937.200000000001
59008,Mi1,5937.3
56007,TmY3,5937.3
32535,Mi1,5937.3
38710,Mi1,5937.3
18127,LC4,5937.400000000001
34189,Mi1,5937.400000000001
68982,Tm3,5937.400000000001
76061,T2a,5937.400000000001
82618,T2a,5937.400000000001
95736,T4c,5937.400000000001
99748,T4b,5937.400000000001
105412,T4a,5937.400000000001
88575,T4b,5937.5
82699,Tm3,5937.5
116259,T4b,5937.5
16545,Li28,5937.5
22108,TmY3,5937.5
31848,Mi1,5937.6
37108,Mi1,5937.6
73098,T2a,5937.6
79314,T4b,5937.6
93947,T4a,5937.6
94574,T4c,5937.700000000001
89434,T4c,5937.700000000001
86724,Tm3,5937.700000000001
79259,T4b,5937.700000000001
35218,Mi1,5937.700000000001
79297,T4a,5937.700000000001
42895,Mi1,5937.8
97256,T4c,5937.8
72983,T2a,5937.8
70402,Tm3,5937.8
40026,TmY3,5937.8
10015,HSN,5937.8
35734,Mi1,5937.8
27788,Mi1,5937.8
20634,VST1,5937.8
10322,OA-AL2i2,5937.8
39067,Mi1,5937.8
96774,T4c,5937.9
122961,T4d,5937.9
117652,T4d,5937.9
87808,T4a,5937.9
10012,VS,5937.9
51049,Mi1,5937.9
37019,Mi1,5937.9
70524,T2a,5937.9
127615,Tm3,5938.000000000001
92181,T4a,5938.000000000001
87412,T4c,5938.000000000001
86635,T4c,5938.000000000001
80670,T4a,5938.000000000001
72558,T2a,5938.000000000001
68342,Tm3,5938.000000000001
42594,Mi1,5938.000000000001
42010,TmY3,5938.000000000001
39718,Mi1,5938.000000000001
37568,Mi1,5938.000000000001
33942,Mi1,5938.000000000001
11981,Li28,5938.000000000001
60886,T2a,5938.000000000001
65298,T2a,5938.1
79817,Tm3,5938.1
77344,Tm3,5938.1
38514,Mi1,5938.1
35045,Mi1,5938.1
37927,Mi1,5938.1
37599,Mi1,5938.1
38455,Mi1,5938.1
117627,Tm3,5938.2
113414,T4d,5938.2
113207,T4d,5938.2
102909,T4c,5938.2
101463,T4d,5938.2
98300,T4a,5938.2
97677,T4c,5938.2
97015,T4a,5938.2
65742,Tm3,5938.2
42942,Mi1,5938.2
37699,Mi1,5938.2
10755,H1,5938.2
89223,T4d,5938.3
34329,Mi1,5938.3
112241,T4b,5938.3
16033,Li28,5938.3
17280,Li28,5938.3
16596,Li28,5938.400000000001
39438,Mi1,5938.400000000001
69736,Tm3,5938.400000000001
87565,T4a,5938.400000000001
105126,T4c,5938.400000000001
109336,T4b,5938.5
99292,T4a,5938.5
85856,TmY3,5938.5
81378,T4b,5938.5
77527,T4a,5938.5
76653,T2a,5938.5
56136,Tm3,5938.5
64712,T2a,5938.5
39791,Mi1,5938.5
37270,Mi1,5938.5
35806,Mi1,5938.5
72794,Tm3,5938.5
76528,Tm3,5938.6
100726,T4d,5938.6
74303,Mi1,5938.6
118658,T4a,5938.6
37733,TmY3,5938.6
34463,Mi1,5938.6
10016,HSE,5938.6
65671,Mi1,5938.6
124362,T4c,5938.7
114196,T4d,5938.7
111928,T4b,5938.7
97784,T4c,5938.7
96260,T4d,5938.7
86715,Tm3,5938.7
50552,Mi1,5938.7
43965,Mi1,5938.7
17596,Li28,5938.7
93750,T4c,5938.7
107819,T4c,5938.8
128916,Tm3,5938.8
129930,Tm3,5938.8
116451,T4c,5938.8
87722,T2a,5938.8
120916,T4d,5938.8
80080,T2a,5938.8
75966,T2a,5938.8
65307,T2,5938.8
39894,T4b,5938.8
38648,Mi1,5938.8
80812,T4a,5938.8
35836,Mi1,5938.900000000001
41296,Mi1,5938.900000000001
92957,T4d,5938.900000000001
98222,T4d,5938.900000000001
107812,T4a,5938.900000000001
120594,T4c,5939.0
93688,T4a,5939.0
36252,Mi1,5939.0
37084,Mi1,5939.0
44700,Mi1,5939.1
68918,Tm3,5939.1
98175,T4c,5939.1
99670,T4c,5939.1
100032,T4c,5939.1
102388,T4d,5939.1
112458,T4b,5939.1
117748,Tm3,5939.1
122333,T4b,5939.200000000001
112806,T4c,5939.200000000001
105242,T4c,5939.200000000001
99837,T4a,5939.200000000001
90533,T4c,5939.200000000001
98360,T4c,5939.200000000001
74010,T2a,5939.200000000001
71089,Mi1,5939.200000000001
38238,Mi1,5939.200000000001
10023,HSS,5939.200000000001
75473,Tm3,5939.200000000001
96835,T4b,5939.3
85924,T4a,5939.3
67408,Mi1,5939.3
40599,TmY3,5939.3
86419,Tm3,5939.3
10284,VS,5939.3
10112,VS,5939.3
10037,VS,5939.3
37113,Mi1,5939.3
45322,Mi1,5939.4
49942,TmY3,5939.4
102298,T4c,5939.4
45696,Mi1,5939.500000000001
63175,Mi1,5939.500000000001
74159,Tm3,5939.500000000001
93360,T4b,5939.500000000001
105545,T4d,5939.500000000001
107170,T4b,5939.500000000001
101244,T4b,5939.6
102572,T4c,5939.6
91781,Tm3,5939.6
38178,Mi1,5939.6
36646,Mi1,5939.6
16570,VST2,5939.6
71402,Tm3,5939.6
10025,H2,5939.7
42119,Mi1,5939.7
66808,Tm3,5939.7
94179,T4a,5939.7
98751,T4a,5939.7
526158,Mi1,5939.7
33446,Mi1,5939.8
114080,T4a,5939.8
111685,T4d,5939.8
97680,Tm3,5939.8
97004,T4c,5939.8
32893,Mi1,5939.8
75381,Tm3,5939.8
69228,T2a,5939.8
116439,T4c,5939.8
12521,HST,5939.8
91806,T4a,5939.8
102845,T4b,5939.900000000001
102703,T4a,5939.900000000001
137694,Tm3,5939.900000000001
101865,T4a,5939.900000000001
91444,T4c,5939.900000000001
74927,Tm3,5939.900000000001
70289,Mi1,5939.900000000001
15019,Li28,5939.900000000001
35001,Mi1,5940.0
36990,Mi1,5940.0
46586,TmY3,5940.0
102514,T4a,5940.0
109326,T4c,5940.0
111579,Tm3,5940.0
108276,T4a,5940.1
95007,T4a,5940.1
91629,T4a,5940.1
87939,T4b,5940.1
84008,T4c,5940.1
77307,Tm3,5940.1
68933,Tm3,5940.1
38721,Mi1,5940.1
34606,Mi1,5940.1
24867,VST1,5940.1
81309,T2a,5940.1
34849,Mi1,5940.2
36305,Mi1,5940.2
48060,Mi1,5940.2
113686,T4d,5940.2
97769,T4a,5940.3
101230,T4a,5940.3
67963,Tm3,5940.3
35602,Mi1,5940.3
38479,Mi1,5940.3
38529,Mi1,5940.3
120201,T4b,5940.400000000001
110646,T4b,5940.400000000001
102742,T4d,5940.400000000001
93985,T4c,5940.400000000001
75848,T2a,5940.400000000001
63673,Tm3,5940.400000000001
78739,T4b,5940.400000000001
46324,TmY3,5940.400000000001
38241,Mi1,5940.400000000001
37555,Mi1,5940.400000000001
23047,Li28,5940.400000000001
11134,VSm,5940.400000000001
53065,Mi1,5940.400000000001
94893,T4c,5940.5
110989,T4b,5940.5
100033,T4c,5940.5
98549,T4a,5940.5
95356,T4a,5940.5
94305,T4a,5940.5
15909,Li28,5940.5
91303,T4b,5940.5
88491,T4a,5940.5
51848,TmY3,5940.5
35774,Mi1,5940.5
33216,Mi1,5940.5
93142,T4a,5940.5
105292,T4b,5940.599999999999
87814,T4b,5940.599999999999
81401,T4b,5940.599999999999
46993,T2a,5940.599999999999
10206,VS,5940.599999999999
119501,T4d,5940.700000000001
110040,T4c,5940.700000000001
102295,T4d,5940.700000000001
101245,T4a,5940.700000000001
100855,T4a,5940.700000000001
100633,T4a,5940.700000000001
94468,T4c,5940.700000000001
102519,T4a,5940.700000000001
89416,T4c,5940.700000000001
78561,Tm3,5940.700000000001
63468,Mi1,5940.700000000001
60643,Tm3,5940.700000000001
92706,T4a,5940.700000000001
58862,Mi1,5940.700000000001
47211,Mi1,5940.700000000001
108325,T4c,5940.8
103497,Tm3,5940.8
95928,T4c,5940.8
94624,T4a,5940.8
58527,TmY3,5940.8
35897,Mi1,5940.8
102112,T4c,5940.9
119288,T4d,5940.9
92251,T4b,5940.9
89825,T4a,5940.9
85009,Tm3,5940.9
80906,T4c,5940.9
37948,Mi1,5940.9
72955,T2a,5940.9
64256,T2a,5940.9
41435,Mi1,5940.9
34862,Mi1,5940.9
80284,Tm3,5940.9
100165,T4b,5941.000000000001
105984,Tm3,5941.000000000001
102016,T4a,5941.000000000001
75343,Tm3,5941.000000000001
15422,VST2,5941.000000000001
37631,Mi1,5941.000000000001
33462,Mi1,5941.000000000001
67150,T2a,5941.000000000001
35260,Mi1,5941.1
41522,Mi1,5941.1
63420,Mi1,5941.1
80033,T4a,5941.1
102229,T4d,5941.1
118173,Tm3,5941.2
98937,T4a,5941.2
96728,T4c,5941.2
95335,T4a,5941.2
92346,T4a,5941.2
43414,Mi1,5941.2
80282,T4d,5941.2
33655,Mi1,5941.2
33110,Mi1,5941.2
89866,T4b,5941.2
108249,T4a,5941.3
109035,T4b,5941.3
109857,T4d,5941.3
100501,T4b,5941.3
61768,T2,5941.3
69540,TmY3,5941.3
10015,HSN,5941.3
77226,T2a,5941.3
537004,VSm,5941.400000000001
106894,T4b,5941.400000000001
90796,T4d,5941.400000000001
77775,T2a,5941.400000000001
76074,Tm3,5941.400000000001
45719,Mi1,5941.400000000001
38987,Mi1,5941.400000000001
38461,Mi1,5941.400000000001
36452,Mi1,5941.400000000001
68605,T2,5941.400000000001
94983,T4c,5941.5
107486,T4c,5941.5
100924,T4b,5941.5
85716,T4c,5941.5
35100,Mi1,5941.5
63994,Mi1,5941.5
38893,Mi1,5941.5
83465,T4a,5941.5
37371,Mi1,5941.6
64058,T2,5941.6
70490,Mi1,5941.6
93957,T4b,5941.6
101043,T4c,5941.6
119213,T4c,5941.7
114391,T4d,5941.7
96107,T4d,5941.7
78603,Tm3,5941.7
10311,VS,5941.7
42691,Mi1,5941.7
35683,Mi1,5941.7
120312,Tm3,5941.7
10016,HSE,5941.7
47240,TmY3,5941.7
84366,T4b,5941.8
112744,T4d,5941.8
36954,Mi1,5941.8
65531,T2a,5941.8
57398,Mi1,5941.900000000001
79449,T4b,5941.900000000001
89142,T4b,5941.900000000001
93877,T4c,5941.900000000001
99519,T4a,5941.900000000001
103657,T4b,5941.900000000001
113107,T4a,5941.900000000001
117631,T4d,5941.900000000001
126702,Tm3,5941.900000000001
108065,T4c,5942.0
101605,T4a,5942.0
97877,T4d,5942.0
79257,Tm3,5942.0
35235,Mi1,5942.0
48531,Mi1,5942.0
43689,Mi1,5942.0
39158,Mi1,5942.0
75766,T2a,5942.0
87452,T2a,5942.099999999999
111980,T4d,5942.099999999999
92668,T2a,5942.099999999999
67295,T2,5942.099999999999
52350,Mi1,5942.099999999999
48286,Mi1,5942.099999999999
38421,Mi1,5942.099999999999
36346,Mi1,5942.099999999999
111949,T4c,5942.200000000001
105379,T4c,5942.200000000001
104256,T4a,5942.200000000001
82299,T4c,5942.200000000001
90888,T4b,5942.200000000001
44438,Mi1,5942.200000000001
42048,Mi1,5942.200000000001
36410,Mi1,5942.200000000001
10001,DNp01,5942.200000000001
67113,Mi1,5942.200000000001
41613,Mi1,5942.3
67971,Tm3,5942.3
99671,T4c,5942.3
100075,T4c,5942.3
90049,T4c,5942.4
84759,T2a,5942.4
95453,T4a,5942.4
10012,VS,5942.4
34171,Mi1,5942.4
35447,Mi1,5942.5
41399,Mi1,5942.5
71583,Tm3,5942.5
88084,T4b,5942.5
95528,T4d,5942.5
100673,T4b,5942.5
100729,T4b,5942.5
151155,T4b,5942.6
116633,T4c,5942.6
96365,T4a,5942.6
91913,T4b,5942.6
85007,T4c,5942.6
10755,H1,5942.6
10023,HSS,5942.6
88353,T4b,5942.6
79138,T2a,5942.7
104911,T4c,5942.7
88625,T4c,5942.7
116343,T4a,5942.7
83677,T4c,5942.7
69723,Tm3,5942.7
85536,T4a,5942.7
51122,Mi1,5942.7
36994,Mi1,5942.7
35113,Mi1,5942.7
10037,VS,5942.7
10025,H2,5942.7
66852,Mi1,5942.7
116187,T4c,5942.8
110742,T4c,5942.8
55976,Mi1,5942.8
44564,TmY3,5942.8
38748,Mi1,5942.8
40426,Mi1,5942.8
38632,Mi1,5942.8
35770,Mi1,5942.8
41762,TmY3,5942.8
62838,TmY3,5942.9
103570,T4d,5942.9
50345,TmY3,5942.9
114201,T4c,5942.9
37037,Mi1,5942.9
36275,Mi1,5942.9
14416,VST2,5942.9
38791,Mi1,5942.9
133349,Tm3,5943.0
106150,T4c,5943.0
99672,T4a,5943.0
88746,Tm3,5943.0
171349687,Tm3,5943.0
38687,Mi1,5943.0
16545,Li28,5943.0
10112,VS,5943.0
59397,Mi1,5943.0
105718,T4b,5943.1
97105,T4d,5943.1
89368,T4c,5943.1
88167,T4b,5943.1
68167,Tm3,5943.1
64341,TmY3,5943.1
40635,Mi1,5943.1
39858,Mi1,5943.1
64855,T2,5943.1
97161,T4a,5943.2
100785,T4b,5943.2
111304,T4b,5943.2
92254,T4b,5943.2
98654,T4d,5943.2
80913,T4a,5943.2
11981,Li28,5943.2
82674,T4a,5943.2
34626,Mi1,5943.2
39651,Mi1,5943.3
98890,T4c,5943.3
111783,T4a,5943.3
117882,T4b,5943.3
92055,T4c,5943.400000000001
115818,T4a,5943.400000000001
98393,T4a,5943.400000000001
88095,T4d,5943.400000000001
85152,T4c,5943.400000000001
72190,Tm3,5943.400000000001
68412,T2a,5943.400000000001
20264,Li28,5943.5
31492,Mi1,5943.5
41668,Mi1,5943.5
74287,Tm3,5943.5
108876,T4c,5943.5
95921,T4c,5943.599999999999
94282,T4c,5943.599999999999
105640,T4d,5943.599999999999
93865,T4c,5943.599999999999
55101,Mi1,5943.599999999999
54503,TmY3,5943.599999999999
46827,Mi1,5943.599999999999
57871,T2,5943.599999999999
38227,Mi1,5943.700000000001
58967,TmY3,5943.700000000001
67152,Tm3,5943.700000000001
91725,T4b,5943.700000000001
92552,T4a,5943.700000000001
104931,T4c,5943.700000000001
542412,Mi1,5943.700000000001
113983,T4d,5943.8
95554,T4b,5943.8
90465,T4a,5943.8
16033,Li28,5943.9
35845,Mi1,5943.9
40596,Mi1,5943.9
48986,TmY3,5943.9
78437,Tm3,5943.9
97835,T4a,5943.9
106535,T4d,5943.9
108344,T4d,5943.9
129235,Tm3,5943.9
98118,T4c,5944.0
98625,T4a,5944.0
97145,T4c,5944.0
105115,T4d,5944.0
122308,Tm3,5944.0
101685,T4b,5944.0
83191,T4a,5944.0
90145,T4a,5944.0
79345,T2a,5944.0
53156,TmY3,5944.0
41637,Mi1,5944.0
37224,Mi1,5944.0
35290,Mi1,5944.0
34057,Mi1,5944.0
10072,OA-AL2i1,5944.0
110987,Tm3,5944.1
102409,T4c,5944.1
101383,T4b,5944.1
96830,T4b,5944.1
96394,T4b,5944.1
95810,T2a,5944.1
90121,T4b,5944.1
74023,T2a,5944.1
66227,Tm3,5944.1
42675,Mi1,5944.1
40219,Mi1,5944.1
34272,Mi1,5944.1
32962,TmY3,5944.1
88005,T4d,5944.1
98398,T4c,5944.2
136741,Tm3,5944.2
102220,T4a,5944.2
101742,T4c,5944.2
87873,T4b,5944.2
40171,Mi1,5944.2
44449,TmY3,5944.2
39743,Mi1,5944.2
35890,Mi1,5944.2
35152,Mi1,5944.2
47967,Mi1,5944.2
66791,Tm3,5944.3
71765,T2a,5944.3
93407,T4d,5944.3
99316,T4b,5944.3
102564,T4a,5944.3
546524,Mi1,5944.3
118551,Tm3,5944.4
102791,T4c,5944.4
80483,T4c,5944.4
79875,T4c,5944.4
35234,Mi1,5944.4
69980,Tm3,5944.4
40411,Mi1,5944.4
73320,T2,5944.4
95629,T4c,5944.5
103440,T4d,5944.5
97193,T4a,5944.5
93566,T4a,5944.5
37353,Mi1,5944.5
40085,Mi1,5944.5
69063,Mi1,5944.5
38477,Mi1,5944.5
108043,T4a,5944.6
10206,VS,5944.6
36660,Mi1,5944.6
41545,Mi1,5944.6
61370,T2,5944.6
85937,Tm3,5944.6
100981,T4d,5944.6
106166,T4b,5944.6
105862,T4d,5944.7
104144,T2,5944.7
103195,T4a,5944.7
94356,T4c,5944.7
39727,Mi1,5944.7
72829,T2a,5944.7
45162,TmY3,5944.7
73284,T2a,5944.7
102462,T4c,5944.8
108675,T4b,5944.8
532850,Tm3,5944.8
71447,T4c,5944.8
48267,TmY3,5944.8
10016,HSE,5944.8
78025,T2a,5944.8
122233,Tm3,5944.900000000001
98194,T4d,5944.900000000001
96424,T4b,5944.900000000001
86558,T4b,5944.900000000001
81996,T2a,5944.900000000001
82515,Tm3,5944.900000000001
71131,Tm3,5944.900000000001
37294,Mi1,5944.900000000001
10284,VS,5944.900000000001
10015,HSN,5944.900000000001
72279,Mi1,5944.900000000001
35777,Mi1,5945.0
91313,T4a,5945.0
112563,Tm3,5945.0
112969,T4c,5945.0
103867,T4a,5945.1
96812,T4a,5945.1
98985,T4c,5945.1
95926,T4a,5945.1
41804,Mi1,5945.1
41136,Mi1,5945.200000000001
81215,Tm3,5945.200000000001
96576,T4c,5945.200000000001
99609,T4a,5945.200000000001
100206,T4c,5945.3
96671,T4c,5945.3
96307,T4a,5945.3
103383,T4c,5945.3
52328,TmY3,5945.3
35173,Mi1,5945.3
78317,T4a,5945.3
34300,Mi1,5945.400000000001
36177,Mi1,5945.400000000001
36684,Mi1,5945.400000000001
37509,Mi1,5945.400000000001
82099,T4b,5945.400000000001
91345,T4c,5945.400000000001
108847,T4d,5945.400000000001
110910,Tm3,5945.400000000001
533688,Tm3,5945.400000000001
105802,T4c,5945.5
105834,T4d,5945.5
72619,T2a,5945.5
43978,Mi1,5945.5
15909,Li28,5945.5
74504,T2a,5945.5
93025,T4b,5945.6
10025,H2,5945.6
43872,Mi1,5945.6
44222,Mi1,5945.6
64897,T2,5945.6
78477,T4a,5945.6
89020,T4a,5945.6
89102,T4d,5945.6
90135,T4c,5945.6
95345,T4d,5945.700000000001
106026,T4b,5945.700000000001
112369,T4d,5945.700000000001
83979,T4a,5945.8
67308,Mi1,5945.8
126163,Tm3,5945.8
39629,Mi1,5945.8
10023,HSS,5945.8
58945,Tm3,5945.8
99074,T4b,5945.9
77557,T4b,5945.9
110160,T4c,5945.9
96090,T4c,5945.9
35712,Mi1,5945.9
41654,Mi1,5945.9
81015,T4a,5945.9
117364,T4b,5946.000000000001
104853,T4c,5946.000000000001
93302,T4b,5946.000000000001
88992,T4c,5946.000000000001
92047,T4c,5946.000000000001
43485,Mi1,5946.000000000001
42758,Mi1,5946.000000000001
34369,Mi1,5946.000000000001
25893,VST1,5946.000000000001
86416,T4a,5946.000000000001
78308,T2a,5946.1
103557,T4a,5946.1
101873,T4b,5946.1
117142,T4d,5946.1
71944,T2a,5946.1
93419,T4b,5946.1
64540,T2,5946.1
35498,Mi1,5946.1
34479,Mi1,5946.1
33017,Mi1,5946.1
10037,VS,5946.1
71475,Tm3,5946.1
108870,T4a,5946.2
104354,T4b,5946.2
97318,T4d,5946.2
97675,T4c,5946.2
70642,T2a,5946.2
66872,T2,5946.2
34899,Mi1,5946.2
74228,Tm3,5946.2
109172,T4b,5946.3
38708,Mi1,5946.3
78597,T2a,5946.3
80793,T2a,5946.3
81995,Tm3,5946.3
86778,T4a,5946.3
100190,T4c,5946.3
101228,T4a,5946.3
102147,T4c,5946.3
76621,T2a,5946.400000000001
71052,T2a,5946.400000000001
101033,T4d,5946.400000000001
99850,T4a,5946.400000000001
66526,T2,5946.400000000001
40256,Mi1,5946.400000000001
40400,Mi1,5946.400000000001
40505,Mi1,5946.400000000001
36695,Mi1,5946.400000000001
33907,Mi1,5946.400000000001
91510,T4c,5946.5
87090,T2a,5946.5
78172,TmY3,5946.5
67728,T2,5946.5
44282,Mi1,5946.5
39688,Mi1,5946.5
37088,Mi1,5946.5
36533,Mi1,5946.5
24338,LC4,5946.5
17280,Li28,5946.5
39692,TmY3,5946.5
104017,T4b,5946.6
115511,T4d,5946.6
98504,T4c,5946.6
69961,Tm3,5946.6
44592,TmY3,5946.6
40936,Mi1,5946.6
14209,Li28,5946.6
37680,Mi1,5946.7
77480,Tm3,5946.7
94283,T4d,5946.7
100956,T4d,5946.7
108757,T4c,5946.7
90430,T2a,5946.8
73828,Tm3,5946.8
10112,VS,5946.8
10012,VS,5946.8
38767,Mi1,5946.8
97853,T4c,5946.900000000001
111010,T4c,5946.900000000001
107082,T4d,5946.900000000001
105313,T4a,5946.900000000001
104450,T4a,5946.900000000001
83067,T4b,5946.900000000001
109937,T4a,5946.900000000001
49324,Mi1,5946.900000000001
41626,Mi1,5946.900000000001
37529,Mi1,5946.900000000001
37390,Mi1,5946.900000000001
11134,VSm,5946.900000000001
82313,T4a,5946.900000000001
10755,H1,5947.0
39595,Mi1,5947.0
60863,T2,5947.0
64149,Mi1,5947.0
104412,T4a,5947.0
115111,T4a,5947.1
91366,T4b,5947.1
84063,T4b,5947.1
82038,Tm3,5947.1
78856,Tm3,5947.1
36217,Mi1,5947.1
73586,Tm3,5947.1
46248,Mi1,5947.1
38993,Mi1,5947.1
78422,Tm3,5947.1
106190,T4d,5947.200000000001
85778,T4b,5947.200000000001
94081,T4c,5947.200000000001
45005,TmY3,5947.200000000001
77484,T4d,5947.200000000001
35934,Mi1,5947.3
41536,Mi1,5947.3
42533,TmY3,5947.3
104802,T4c,5947.3
112594,T4b,5947.3
44527,Mi1,5947.4
73723,T2a,5947.4
100996,T4b,5947.500000000001
100310,T4d,5947.500000000001
96959,T4a,5947.500000000001
95532,T4a,5947.500000000001
94948,T4c,5947.500000000001
88726,T4b,5947.500000000001
71652,Tm3,5947.500000000001
34356,Mi1,5947.500000000001
22194,LC4,5947.500000000001
93313,T4a,5947.500000000001
90058,T4a,5947.6
100282,T4a,5947.6
96211,T4d,5947.6
118029,T4b,5947.6
90520,T4a,5947.6
85378,T4a,5947.6
91469,T4c,5947.6
67614,Mi1,5947.6
63021,Tm3,5947.6
62078,Mi1,5947.6
48514,TmY3,5947.6
46784,Mi1,5947.6
44119,Mi1,5947.6
84663,T2a,5947.6
106912,Tm3,5947.7
80878,T2a,5947.7
112048,T4c,5947.7
57164,TmY3,5947.7
12521,HST,5947.7
72148,Tm3,5947.7
85126,T4a,5947.8
87390,T2a,5947.8
94886,T4d,5947.8
95985,T4c,5947.8
104257,T4b,5947.8
112619,T4d,5947.8
117039,T4c,5947.8
97878,T4b,5947.900000000001
119556,T4b,5947.900000000001
107567,T4c,5947.900000000001
103425,T4a,5947.900000000001
74997,Tm3,5947.900000000001
40795,Mi1,5947.900000000001
67464,Mi1,5947.900000000001
56918,TmY3,5947.900000000001
43615,Mi1,5947.900000000001
10016,HSE,5947.900000000001
71036,T2a,5947.900000000001
119601,T4d,5948.0
100274,T4a,5948.0
60857,Mi1,5948.0
59959,Mi1,5948.0
36911,Mi1,5948.0
36881,Mi1,5948.0
37138,Mi1,5948.0
98312,T4a,5948.1
120289,T4c,5948.1
103527,T4c,5948.1
101005,T4d,5948.1
97981,T4a,5948.1
537004,VSm,5948.1
69266,Tm3,5948.1
57239,Mi1,5948.1
40106,Mi1,5948.1
34404,Mi1,5948.1
90097,T4c,5948.1
104018,T4c,5948.2
103108,T4b,5948.2
98575,T4a,5948.2
83438,T4a,5948.2
39164,Mi1,5948.2
37677,Mi1,5948.2
37391,Mi1,5948.2
35580,Mi1,5948.2
35512,Mi1,5948.2
35416,Mi1,5948.2
16545,Li28,5948.2
37438,Mi1,5948.2
69380,Tm3,5948.3
83432,Tm3,5948.3
87827,T2a,5948.400000000001
103780,T4c,5948.400000000001
102799,T4c,5948.400000000001
119353,T4b,5948.400000000001
83583,T4d,5948.400000000001
93479,T4d,5948.400000000001
73301,Tm3,5948.400000000001
41950,Mi1,5948.400000000001
15263,Li28,5948.400000000001
10015,HSN,5948.400000000001
83004,T4b,5948.400000000001
121245,Tm3,5948.5
110855,T4a,5948.5
101620,T4b,5948.5
80838,T2a,5948.5
54087,Mi1,5948.5
30997,Mi1,5948.5
10025,H2,5948.5
90474,T4b,5948.599999999999
93224,T4a,5948.599999999999
82145,T2a,5948.599999999999
70812,TmY3,5948.599999999999
69164,Mi1,5948.599999999999
34867,Mi1,5948.599999999999
61353,T2,5948.599999999999
49322,TmY3,5948.599999999999
45319,Mi1,5948.599999999999
11981,Li28,5948.599999999999
64849,Tm3,5948.599999999999
92472,T4c,5948.700000000001
103765,T4d,5948.700000000001
97872,T4d,5948.700000000001
95883,T4a,5948.700000000001
60856,T2a,5948.700000000001
39275,Mi1,5948.700000000001
38133,Mi1,5948.700000000001
38857,Mi1,5948.700000000001
46745,Mi1,5948.700000000001
36158,Mi1,5948.700000000001
109142,T4b,5948.8
104858,T4b,5948.8
104336,T4b,5948.8
103073,T4a,5948.8
92114,T4c,5948.8
94668,T4d,5948.8
49930,TmY3,5948.8
35888,Mi1,5948.8
34079,Mi1,5948.8
10206,VS,5948.8
61835,T2,5948.8
101945,T4b,5948.9
111423,T4c,5948.9
109593,Tm3,5948.9
106338,T4a,5948.9
101994,T4a,5948.9
90655,T4a,5948.9
77779,T2a,5948.9
40958,Mi1,5948.9
36139,Mi1,5948.9
34938,Mi1,5948.9
34658,Mi1,5948.9
33394,Mi1,5948.9
120231,Tm3,5949.0
105849,T4d,5949.0
89110,Tm3,5949.0
42856,Mi1,5949.0
37044,Mi1,5949.0
36540,Mi1,5949.0
34933,Mi1,5949.0
40854,Mi1,5949.0
87106,T4a,5949.1
121420,T4d,5949.1
106745,T4b,5949.1
105387,T4b,5949.1
99922,T4c,5949.1
94482,T4d,5949.1
86907,T4a,5949.1
92644,T4d,5949.1
74374,T2a,5949.1
68522,T2a,5949.1
74411,Mi1,5949.1
64977,T2,5949.1
60979,TmY3,5949.1
39505,Mi1,5949.1
36446,Mi1,5949.1
34296,Mi1,5949.1
118610,T4b,5949.2
106121,T4a,5949.2
72194,Tm3,5949.2
101770,T4b,5949.2
40703,Mi1,5949.2
37853,Mi1,5949.2
10023,HSS,5949.2
47686,TmY3,5949.2
42895,Mi1,5949.3
45349,Mi1,5949.3
51191,TmY3,5949.3
56564,Mi1,5949.3
68840,TmY3,5949.3
85229,T4c,5949.3
107529,T4d,5949.3
99310,T4a,5949.400000000001
101441,T4a,5949.400000000001
105403,T4c,5949.400000000001
78940,T4a,5949.400000000001
33091,Mi1,5949.400000000001
35840,Mi1,5949.400000000001
35724,Mi1,5949.400000000001
23606,Mi1,5949.400000000001
38230,Mi1,5949.400000000001
41120,Mi1,5949.5
42872,Mi1,5949.5
50333,TmY3,5949.5
73767,Mi1,5949.5
103271,T4c,5949.5
111184,T4a,5949.6
104621,T4c,5949.6
103022,T4a,5949.6
69425,T2a,5949.6
37243,Mi1,5949.6
41671,TmY3,5949.6
10037,VS,5949.6
68562,T2a,5949.6
99011,T4c,5949.7
131034,Tm3,5949.7
104390,T4a,5949.7
97545,T4c,5949.7
39525,Mi1,5949.7
66357,T2a,5949.7
92939,T4b,5949.7
37000,Mi1,5949.7
33766,Mi1,5949.7
105698,T4c,5949.8
102910,T4b,5949.8
68212,T2a,5949.8
43783,Mi1,5949.8
38772,Mi1,5949.8
35428,Mi1,5949.8
16033,Li28,5949.8
43063,Mi1,5949.8
96003,T4d,5949.900000000001
107075,T4d,5949.900000000001
106522,T4d,5949.900000000001
101707,T4c,5949.900000000001
94567,T4c,5949.900000000001
96134,T4b,5949.900000000001
58224,Mi1,5949.900000000001
38208,Mi1,5949.900000000001
37839,Mi1,5949.900000000001
10403,VS,5949.900000000001
10284,VS,5949.900000000001
59864,Tm3,5949.900000000001
107464,T4a,5950.0
102975,T4b,5950.0
97141,T4a,5950.0
88698,T4a,5950.0
89092,T4c,5950.0
39500,Mi1,5950.0
35017,Mi1,5950.0
33942,Mi1,5950.0
40832,Mi1,5950.0
108066,T4b,5950.099999999999
20634,VST1,5950.099999999999
23047,Li28,5950.099999999999
33326,Mi1,5950.099999999999
85429,T4d,5950.099999999999
89099,T4a,5950.099999999999
90394,T4a,5950.099999999999
71164,Mi1,5950.200000000001
115422,T4c,5950.200000000001
10269,OA-AL2i2,5950.200000000001
37756,Mi1,5950.200000000001
15909,Li28,5950.3
34142,Mi1,5950.3
35405,Mi1,5950.3
48894,TmY3,5950.3
59008,Mi1,5950.3
69915,TmY3,5950.3
92842,T4a,5950.3
104996,T4a,5950.3
115369,T4c,5950.3
97031,T4c,5950.4
93021,T4a,5950.4
80582,T4a,5950.4
72501,Mi1,5950.4
69597,Tm3,5950.4
106922,T4c,5950.4
64778,TmY3,5950.4
58576,T2,5950.4
41659,Mi1,5950.4
33614,Mi1,5950.4
31848,Mi1,5950.4
65833,Mi1,5950.4
109031,Tm3,5950.5
107609,T4d,5950.5
94546,T4b,5950.5
89290,T4d,5950.5
87087,T2a,5950.5
105363,T4c,5950.5
82425,T4b,5950.5
72665,Mi1,5950.5
70635,Tm3,5950.5
34045,Mi1,5950.5
86932,T4b,5950.5
108625,T4b,5950.6
85866,T4b,5950.6
70632,Tm3,5950.6
57349,Mi1,5950.6
41709,Mi1,5950.6
36369,Mi1,5950.6
35572,Mi1,5950.6
37270,Mi1,5950.6
96035,T4d,5950.7
121093,T4b,5950.7
102801,T4b,5950.7
93941,T4b,5950.7
112179,T4b,5950.7
40235,Mi1,5950.7
38487,Mi1,5950.7
37123,Mi1,5950.7
10112,VS,5950.7
62340,T2,5950.7
38514,Mi1,5950.8
40944,Mi1,5950.8
99731,T4c,5950.8
118502,T4b,5950.8
525839,Mi1,5950.9
92684,T4c,5950.9
91804,T4d,5950.9
87566,T4a,5950.9
45176,Mi1,5950.9
80812,T4a,5950.9
41296,Mi1,5950.9
10016,HSE,5950.9
84631,T4c,5950.9
34189,Mi1,5951.0
37585,Mi1,5951.0
83042,T4b,5951.1
97306,T4a,5951.1
64050,T2,5951.1
66739,Tm3,5951.1
39716,Mi1,5951.1
39405,Mi1,5951.1
38768,Mi1,5951.1
60337,TmY3,5951.1
123490,Tm3,5951.2
110386,T4d,5951.2
109134,T4d,5951.2
93166,T4c,5951.2
92481,TmY3,5951.2
118232,T4d,5951.2
83204,T4d,5951.2
72655,Mi1,5951.2
39438,Mi1,5951.2
32535,Mi1,5951.2
89728,Tm3,5951.2
107334,T4a,5951.3
103314,T4b,5951.3
103025,T4a,5951.3
100946,T4c,5951.3
84328,T4a,5951.3
68475,T2a,5951.3
42594,Mi1,5951.3
37568,Mi1,5951.3
86141,T4b,5951.3
101302,T4d,5951.400000000001
105565,Tm3,5951.400000000001
98349,T4a,5951.400000000001
35218,Mi1,5951.400000000001
88933,T4a,5951.400000000001
74044,Tm3,5951.400000000001
97028,T4c,5951.400000000001
10012,VS,5951.5
10025,H2,5951.5
95681,T4a,5951.5
99975,T4c,5951.5
103226,T4d,5951.5
105332,T4b,5951.5
99789,T4d,5951.599999999999
92146,T4a,5951.599999999999
92082,T4b,5951.599999999999
90219,T4a,5951.599999999999
89485,T4a,5951.599999999999
89409,T4a,5951.599999999999
88398,T4a,5951.599999999999
10755,H1,5951.599999999999
10015,HSN,5951.700000000001
77906,T2a,5951.700000000001
95822,T4b,5951.700000000001
96126,T4b,5951.700000000001
111823,T4c,5951.8
117551,Tm3,5951.8
106819,T4b,5951.8
98448,T4b,5951.8
65235,T2,5951.8
65803,T2,5951.8
37699,Mi1,5951.8
75660,T2a,5951.8
108161,T4a,5951.9
89573,T2a,5951.9
47368,TmY3,5951.9
40577,Mi1,5951.9
51049,Mi1,5951.9
38455,Mi1,5951.9
37599,Mi1,5951.9
35806,Mi1,5951.9
39718,Mi1,5951.9
92640,T4d,5952.0
102741,T4c,5952.0
101772,Tm3,5952.0
97288,T4c,5952.0
93622,T4c,5952.0
110312,T4d,5952.0
90567,T4b,5952.0
43323,Mi1,5952.0
58196,TmY3,5952.0
38710,Mi1,5952.0
38178,Mi1,5952.0
37927,Mi1,5952.0
37108,Mi1,5952.0
87896,T4a,5952.0
109649,T4c,5952.1
97186,T4a,5952.1
86175,T4a,5952.1
81211,Tm3,5952.1
53075,TmY3,5952.1
34463,Mi1,5952.1
27788,Mi1,5952.1
77791,T2a,5952.1
105214,T4c,5952.2
121887,T4b,5952.2
100247,T4c,5952.2
110454,T4d,5952.2
65671,Mi1,5952.2
38596,Mi1,5952.2
71308,Tm3,5952.2
41809,Mi1,5952.3
42006,TmY3,5952.3
72896,Tm3,5952.3
92839,T4b,5952.3
98417,T4d,5952.3
110693,Tm3,5952.3
110757,T4b,5952.3
105962,T4b,5952.4
100319,T4b,5952.4
47211,Mi1,5952.4
17596,Li28,5952.4
35734,Mi1,5952.4
33446,Mi1,5952.4
45696,Mi1,5952.4
79314,T4b,5952.5
92431,T4a,5952.5
88922,T4c,5952.5
87845,T4a,5952.5
61292,T2,5952.5
121821,T4c,5952.5
47962,TmY3,5952.5
43965,Mi1,5952.5
33918,Mi1,5952.5
10023,HSS,5952.5
54885,TmY3,5952.5
120016,Tm3,5952.6
115882,T4b,5952.6
107412,Tm3,5952.6
91682,T4b,5952.6
76788,T4b,5952.6
76121,Tm3,5952.6
71089,Mi1,5952.6
70800,Tm3,5952.6
63868,T2a,5952.6
39067,Mi1,5952.6
38502,Tm3,5952.6
37019,Mi1,5952.6
16596,Li28,5952.6
107297,T4c,5952.7
100787,T4b,5952.7
121816,T4a,5952.7
95972,T4d,5952.7
91987,T4c,5952.7
98887,T4b,5952.7
82121,Tm3,5952.7
79704,T4d,5952.7
44700,Mi1,5952.7
37084,Mi1,5952.7
87289,T4a,5952.7
38238,Mi1,5952.8
62488,T2,5952.8
63825,Tm3,5952.8
71674,T2a,5952.8
99137,T4c,5952.8
34329,Mi1,5952.900000000001
84781,Tm3,5952.900000000001
10206,VS,5952.900000000001
10311,VS,5952.900000000001
134372,Tm3,5953.0
35045,Mi1,5953.0
36990,Mi1,5953.0
38648,Mi1,5953.0
45322,Mi1,5953.0
71228,T2a,5953.0
89252,T4b,5953.0
97171,T4d,5953.0
98381,T4d,5953.0
105122,T4b,5953.0
108270,T4b,5953.0
112750,T4c,5953.0
112453,T4c,5953.1
19292,Li28,5953.1
103160,T4a,5953.1
114338,T4c,5953.1
91288,T4c,5953.1
10037,VS,5953.1
90371,T4d,5953.1
79083,Tm3,5953.1
35836,Mi1,5953.1
90419,T4b,5953.1
42942,Mi1,5953.200000000001
48060,Mi1,5953.200000000001
50955,TmY3,5953.200000000001
56762,TmY3,5953.200000000001
83125,T4b,5953.200000000001
94071,T4a,5953.200000000001
149504,T4d,5953.3
110555,T4b,5953.3
101589,T4a,5953.3
88460,T2a,5953.3
73619,T2a,5953.3
34849,Mi1,5953.3
39791,Mi1,5953.3
36252,Mi1,5953.3
11134,VSm,5953.3
71361,Tm3,5953.3
102153,T4c,5953.400000000001
112613,T4d,5953.400000000001
94866,T4d,5953.400000000001
94549,T4b,5953.400000000001
71230,Tm3,5953.400000000001
70900,Tm3,5953.400000000001
61960,T2,5953.400000000001
16545,Li28,5953.5
32893,Mi1,5953.5
74303,Mi1,5953.5
80376,TmY3,5953.5
82549,T4b,5953.5
92281,T4c,5953.5
100215,T4c,5953.5
114817,T4d,5953.5
112088,T4d,5953.6
105199,T4d,5953.6
100897,T4c,5953.6
99950,T4c,5953.6
75550,Tm3,5953.6
16606,VST2,5953.6
62851,Tm3,5953.6
50552,Mi1,5953.6
35001,Mi1,5953.6
62912,T2,5953.6
100838,T4c,5953.700000000001
113228,T4b,5953.700000000001
97866,T4d,5953.700000000001
33216,Mi1,5953.700000000001
36305,Mi1,5953.700000000001
37113,Mi1,5953.700000000001
10016,HSE,5953.8
36646,Mi1,5953.8
38529,Mi1,5953.8
38987,Mi1,5953.8
67810,Tm3,5953.8
71437,T2a,5953.8
78698,Tm3,5953.8
94703,T4c,5953.8
116114,T4d,5953.9
113945,T4d,5953.9
94224,T4b,5953.9
80528,T2a,5953.9
92006,T4a,5953.9
72132,Tm3,5953.9
92911,T4c,5953.9
10001,DNp01,5954.000000000001
38721,Mi1,5954.000000000001
90566,T4d,5954.000000000001
130861,Tm3,5954.000000000001
105521,T4c,5954.1
111613,T4d,5954.1
96989,T4d,5954.1
41464,TmY3,5954.1
60698,TmY3,5954.1
42119,Mi1,5954.1
70289,Mi1,5954.1
93927,T4a,5954.2
41435,Mi1,5954.2
95287,T4a,5954.2
38241,Mi1,5954.2
16570,VST2,5954.2
38479,Mi1,5954.2
50871,TmY3,5954.3
85731,T4d,5954.3
101463,T4d,5954.3
103870,T4a,5954.3
109868,Tm3,5954.3
81486,T4b,5954.400000000001
93509,T4b,5954.400000000001
88152,T4c,5954.400000000001
67408,Mi1,5954.400000000001
20808,LC4,5954.400000000001
53065,Mi1,5954.400000000001
36452,Mi1,5954.400000000001
66538,T2,5954.400000000001
11981,Li28,5954.400000000001
94755,T4a,5954.5
90533,T4c,5954.5
89483,T4a,5954.5
83946,T4d,5954.5
39894,T4b,5954.5
35897,Mi1,5954.5
35602,Mi1,5954.5
10112,VS,5954.5
10025,H2,5954.5
111852,T4a,5954.6
108475,T4b,5954.6
102031,T4c,5954.6
94058,T4b,5954.6
79358,T2a,5954.6
104622,T4b,5954.6
63175,Mi1,5954.6
50311,TmY3,5954.6
41613,Mi1,5954.6
36410,Mi1,5954.6
35774,Mi1,5954.6
74937,T2a,5954.6
96295,T4b,5954.7
98137,T4d,5954.7
102045,T4a,5954.7
107211,T4d,5954.7
526158,Mi1,5954.7
537004,VSm,5954.8
114088,T4d,5954.8
109727,T4b,5954.8
88039,T4c,5954.8
68485,T2a,5954.8
74231,Tm3,5954.8
41522,Mi1,5954.8
78911,Tm3,5954.8
90423,T4b,5954.900000000001
98692,T4a,5954.900000000001
96015,T4c,5954.900000000001
95736,T4c,5954.900000000001
91057,T4c,5954.900000000001
102329,T4d,5954.900000000001
88127,T4b,5954.900000000001
39158,Mi1,5954.900000000001
69536,Tm3,5954.900000000001
51231,TmY3,5954.900000000001
38791,Mi1,5954.900000000001
37555,Mi1,5954.900000000001
34606,Mi1,5954.900000000001
10284,VS,5954.900000000001
78503,T2a,5954.900000000001
106295,T4b,5955.0
99348,T4c,5955.0
86504,T4b,5955.0
83009,T4b,5955.0
82211,T2a,5955.0
80177,Tm3,5955.0
99358,T4c,5955.0
61401,T2a,5955.0
42691,Mi1,5955.0
35260,Mi1,5955.0
18127,LC4,5955.0
17280,Li28,5955.0
10015,HSN,5955.0
77916,T2a,5955.0
116248,T4d,5955.1
93935,T4a,5955.1
45719,Mi1,5955.1
102786,Tm3,5955.1
33655,Mi1,5955.1
15909,Li28,5955.1
34862,Mi1,5955.1
35683,Mi1,5955.200000000001
37948,Mi1,5955.200000000001
43414,Mi1,5955.200000000001
48531,Mi1,5955.200000000001
93972,T4a,5955.200000000001
104191,T4a,5955.200000000001
83227,Tm3,5955.3
102113,T4b,5955.3
99387,T4a,5955.3
98598,T4c,5955.3
83689,T4a,5955.3
76524,Tm3,5955.3
100046,T4b,5955.3
58862,Mi1,5955.3
16033,Li28,5955.3
37631,Mi1,5955.3
63420,Mi1,5955.3
41399,Mi1,5955.3
40599,TmY3,5955.3
15019,Li28,5955.4
78086,T4c,5955.4
78773,Tm3,5955.4
86578,T4c,5955.4
97769,T4a,5955.4
109326,T4c,5955.4
70153,Tm3,5955.500000000001
102572,T4c,5955.500000000001
97677,T4c,5955.500000000001
90206,T4b,5955.500000000001
68138,TmY3,5955.500000000001
63468,Mi1,5955.500000000001
84267,T4c,5955.500000000001
91283,T4c,5955.6
43334,TmY3,5955.6
52485,TmY3,5955.6
106952,T4b,5955.7
90657,T4a,5955.7
111581,T4d,5955.7
83045,Tm3,5955.7
72066,Tm3,5955.7
38893,Mi1,5955.7
10755,H1,5955.7
79253,T4a,5955.7
107031,T4b,5955.8
35100,Mi1,5955.8
36275,Mi1,5955.8
80913,T4a,5955.8
87565,T4a,5955.8
106701,T4d,5955.8
72558,T2a,5955.900000000001
70490,Mi1,5955.900000000001
66852,Mi1,5955.900000000001
10012,VS,5955.900000000001
37037,Mi1,5955.900000000001
79271,T4a,5955.900000000001
65348,TmY3,5955.900000000001
95356,T4a,5955.900000000001
108199,T4c,5956.0
110076,T4c,5956.0
51122,Mi1,5956.0
131823,Tm3,5956.0
132339,Tm3,5956.0
95242,T4d,5956.0
125396,T4b,5956.0
77395,T4b,5956.0
37371,Mi1,5956.0
53983,TmY3,5956.0
48286,Mi1,5956.0
35447,Mi1,5956.0
10687,OA-AL2i3,5956.0
10023,HSS,5956.0
66345,T2a,5956.0
115636,T4d,5956.1
96676,T4b,5956.1
88815,T4d,5956.1
77383,T2a,5956.1
73029,T2,5956.1
46827,Mi1,5956.1
45948,TmY3,5956.1
38461,Mi1,5956.1
36954,Mi1,5956.1
47465,TmY3,5956.1
111416,Tm3,5956.2
95005,T4a,5956.2
66214,T2a,5956.2
90112,T4c,5956.2
43689,Mi1,5956.2
35113,Mi1,5956.2
57398,Mi1,5956.2
111180,T4c,5956.3
110938,T4d,5956.3
106608,T4a,5956.3
100874,T4a,5956.3
100673,T4b,5956.3
85664,TmY3,5956.3
75712,Tm3,5956.3
36346,Mi1,5956.3
35770,Mi1,5956.3
35235,Mi1,5956.3
34171,Mi1,5956.3
33462,Mi1,5956.3
33110,Mi1,5956.3
40426,Mi1,5956.3
106203,T4d,5956.400000000001
10037,VS,5956.400000000001
55976,Mi1,5956.400000000001
59397,Mi1,5956.400000000001
73795,TmY3,5956.5
52151,TmY3,5956.5
44438,Mi1,5956.599999999999
52350,Mi1,5956.599999999999
71853,T2a,5956.599999999999
93604,T4a,5956.599999999999
102425,T4b,5956.599999999999
10016,HSE,5956.700000000001
12521,HST,5956.700000000001
38632,Mi1,5956.700000000001
91076,T4a,5956.700000000001
98846,T4c,5956.700000000001
106093,T4a,5956.700000000001
542412,Mi1,5956.8
114995,T4b,5956.8
104297,T4a,5956.8
103479,T4c,5956.8
101721,T4d,5956.8
93750,T4c,5956.8
97231,T4a,5956.8
95499,T4b,5956.8
34057,Mi1,5956.8
99980,T4c,5956.8
102991,T4c,5956.9
108824,T4d,5956.9
105895,T4a,5956.9
96262,T4c,5956.9
55101,Mi1,5956.9
38748,Mi1,5956.9
15422,VST2,5956.9
67113,Mi1,5956.9
83307,Tm3,5957.0
10206,VS,5957.0
31492,Mi1,5957.0
41668,Mi1,5957.0
55706,TmY3,5957.0
81305,Tm3,5957.0
77846,Tm3,5957.1
68951,TmY3,5957.1
38687,Mi1,5957.1
38421,Mi1,5957.1
104884,T4b,5957.2
40596,Mi1,5957.2
87763,T4a,5957.2
92054,T4b,5957.2
104478,T4d,5957.3
102579,T4b,5957.3
109023,T4c,5957.3
92415,T4a,5957.3
72796,Tm3,5957.3
68982,Tm3,5957.3
63994,Mi1,5957.3
44222,Mi1,5957.3
84364,Tm3,5957.3
99572,T4a,5957.400000000001
10025,H2,5957.400000000001
39692,TmY3,5957.400000000001
46662,TmY3,5957.400000000001
91629,T4a,5957.400000000001
111623,T4a,5957.400000000001
100867,T4b,5957.5
96638,T4c,5957.5
94287,T4d,5957.5
42048,Mi1,5957.5
40171,Mi1,5957.5
81733,Tm3,5957.5
546524,Mi1,5957.6
77307,Tm3,5957.6
82536,T4d,5957.6
35234,Mi1,5957.6
30923,TmY3,5957.6
61659,Tm3,5957.6
111783,T4a,5957.7
89934,T4d,5957.7
107799,T4b,5957.7
96199,T4a,5957.7
88381,Tm3,5957.7
34626,Mi1,5957.7
48547,TmY3,5957.7
47967,Mi1,5957.7
41136,Mi1,5957.7
39727,Mi1,5957.7
75027,Tm3,5957.7
108974,T4c,5957.8
35845,Mi1,5957.8
39651,Mi1,5957.8
39743,Mi1,5957.8
74807,TmY3,5957.8
75521,T2a,5957.8
93588,T4b,5957.8
97326,T4c,5957.8
111746,Tm3,5957.8
95990,T4a,5957.900000000001
104368,T4c,5957.900000000001
93527,T4a,5957.900000000001
112775,T4d,5957.900000000001
67150,T2a,5957.900000000001
65106,T2,5957.900000000001
40219,Mi1,5957.900000000001
69543,T2a,5957.900000000001
98817,T4a,5958.0
88491,T4a,5958.0
80093,T2a,5958.0
94596,T4b,5958.0
37733,TmY3,5958.0
33017,Mi1,5958.0
79259,T4b,5958.0
39858,Mi1,5958.099999999999
75118,T2a,5958.099999999999
90259,T4d,5958.099999999999
90740,Tm3,5958.099999999999
98175,T4c,5958.099999999999
20264,Li28,5958.200000000001
74259,T2a,5958.200000000001
99258,T4c,5958.3
40635,Mi1,5958.3
94930,T2a,5958.3
36684,Mi1,5958.3
10015,HSN,5958.3
38227,Mi1,5958.3
10322,OA-AL2i2,5958.4
42675,Mi1,5958.4
95458,T4d,5958.4
103867,T4a,5958.4
107181,T4c,5958.4
111928,T4b,5958.4
100345,T4c,5958.5
100087,T4b,5958.5
98325,T4d,5958.5
97249,T4d,5958.5
23047,Li28,5958.5
10112,VS,5958.5
24867,VST1,5958.5
42010,TmY3,5958.6
59528,T2a,5958.6
92996,T4a,5958.6
122273,Tm3,5958.6
101480,T4c,5958.7
125171,Tm3,5958.7
108307,T4b,5958.7
107095,T4c,5958.7
80855,Tm3,5958.7
40411,Mi1,5958.7
40256,Mi1,5958.7
36660,Mi1,5958.7
35890,Mi1,5958.7
35290,Mi1,5958.7
107621,T4d,5958.8
105180,T4c,5958.8
98467,T4d,5958.8
98099,T4b,5958.8
97899,T4a,5958.8
94289,T4d,5958.8
93045,T4b,5958.8
87937,T4d,5958.8
78470,Tm3,5958.8
78108,T2a,5958.8
77361,T4a,5958.8
43978,Mi1,5958.8
41545,Mi1,5958.8
35152,Mi1,5958.8
88870,Tm3,5958.8
112714,T4d,5958.9
87424,T4d,5958.9
94574,T4c,5958.9
16545,Li28,5958.9
39629,Mi1,5958.9
539983,T4c,5959.0
24338,LC4,5959.0
35498,Mi1,5959.0
35777,Mi1,5959.0
69063,Mi1,5959.0
86696,T4d,5959.0
99663,T4c,5959.0
104123,T4b,5959.0
100501,T4b,5959.1
96784,T4b,5959.1
95364,T4d,5959.1
37224,Mi1,5959.1
37294,Mi1,5959.1
11551,VS,5959.1
104130,T4a,5959.1
81092,Tm3,5959.1
89139,T4c,5959.2
67072,T2a,5959.2
115390,T4d,5959.2
104753,T4a,5959.2
66980,T2a,5959.2
38477,Mi1,5959.2
43872,Mi1,5959.2
56984,TmY3,5959.2
37509,Mi1,5959.2
34272,Mi1,5959.2
11134,VSm,5959.2
106530,T4d,5959.3
94324,Tm3,5959.3
89434,T4c,5959.3
85938,T4a,5959.3
85170,T4c,5959.3
81378,T4b,5959.3
77920,Tm3,5959.3
42758,Mi1,5959.3
41804,Mi1,5959.3
41654,Mi1,5959.3
40085,Mi1,5959.3
37353,Mi1,5959.3
34300,Mi1,5959.3
72279,Mi1,5959.3
107628,T4d,5959.400000000001
110403,T4b,5959.400000000001
99636,T4d,5959.400000000001
36177,Mi1,5959.400000000001
68842,TmY3,5959.400000000001
71931,Tm3,5959.400000000001
11981,Li28,5959.5
38708,Mi1,5959.5
73447,Tm3,5959.5
95554,T4b,5959.5
116716,T4b,5959.599999999999
111380,Tm3,5959.599999999999
110482,T4b,5959.599999999999
66604,TmY3,5959.599999999999
10023,HSS,5959.599999999999
10016,HSE,5959.599999999999
87358,T4a,5959.599999999999
85741,T4a,5959.700000000001
105541,T4a,5959.700000000001
91505,T4c,5959.700000000001
62894,Tm3,5959.700000000001
99423,T4d,5959.700000000001
43485,Mi1,5959.700000000001
40026,TmY3,5959.700000000001
10037,VS,5959.700000000001
44282,Mi1,5959.700000000001
10755,H1,5959.8
79646,Tm3,5959.8
86686,T4c,5959.8
91179,T4a,5959.8
100488,T4c,5959.8
118924,Tm3,5959.8
106840,T4b,5959.9
103827,T4c,5959.9
92993,Tm3,5959.9
67308,Mi1,5959.9
37680,Mi1,5959.9
36994,Mi1,5959.9
15909,Li28,5959.9
62401,T2,5959.9
800146,TTMn,5960.0
121170,Tm3,5960.0
109996,T4c,5960.0
108438,T4d,5960.0
107442,T4d,5960.0
99670,T4c,5960.0
97480,T4c,5960.0
54211,TmY3,5960.0
48283,TmY3,5960.0
41626,Mi1,5960.0
40400,Mi1,5960.0
37088,Mi1,5960.0
34479,Mi1,5960.0
83365,T2a,5960.0
107640,T4c,5960.1
100856,T4a,5960.1
100033,T4c,5960.1
65508,Tm3,5960.1
49372,TmY3,5960.1
38767,Mi1,5960.1
34899,Mi1,5960.1
34356,Mi1,5960.1
40936,Mi1,5960.1
75557,Tm3,5960.2
88281,T4b,5960.2
81836,T2a,5960.2
80197,T4a,5960.2
77174,T2a,5960.2
69793,T2a,5960.2
104582,T4d,5960.2
41637,Mi1,5960.2
40716,Tm3,5960.2
38993,Mi1,5960.2
36533,Mi1,5960.2
25893,VST1,5960.2
10025,H2,5960.2
65925,Tm3,5960.2
99157,T4a,5960.3
94624,T4a,5960.3
75343,Tm3,5960.3
77972,Tm3,5960.3
10012,VS,5960.4
16033,Li28,5960.4
35173,Mi1,5960.4
96081,T4a,5960.4
98788,T4d,5960.4
104703,T4d,5960.4
106401,T4d,5960.4
119959,T4d,5960.5
80302,T2a,5960.5
97256,T4c,5960.5
40505,Mi1,5960.5
77527,T4a,5960.5
101885,T4a,5960.6
46248,Mi1,5960.6
82576,T4b,5960.6
88617,T4a,5960.6
93334,T4b,5960.6
93419,T4b,5960.6
98026,T4b,5960.6
107420,T4b,5960.7
106664,T4c,5960.7
103148,T4a,5960.7
84008,T4c,5960.7
95239,T4a,5960.7
33907,Mi1,5960.7
107835,T4b,5960.7
97145,T4c,5960.7
91741,T4d,5960.8
89825,T4a,5960.8
103639,T4d,5960.8
97528,T4a,5960.8
85152,T4c,5960.8
91674,T4a,5960.8
82674,T4a,5960.8
62078,Mi1,5960.8
50633,TmY3,5960.8
14416,VST2,5960.8
83677,T4c,5960.8
101245,T4a,5960.900000000001
99671,T4c,5960.900000000001
71161,T2a,5960.900000000001
48186,TmY3,5960.900000000001
42872,Mi1,5960.900000000001
63673,Tm3,5960.900000000001
37529,Mi1,5960.900000000001
36139,Mi1,5960.900000000001
35512,Mi1,5960.900000000001
34369,Mi1,5960.900000000001
40795,Mi1,5960.900000000001
35712,Mi1,5961.0
82964,T2a,5961.0
90278,T4a,5961.0
104714,T4b,5961.0
104683,T4b,5961.1
99628,T4b,5961.1
97885,T4a,5961.1
96812,T4a,5961.1
89282,T4a,5961.1
74731,T2a,5961.1
72426,Tm3,5961.1
37390,Mi1,5961.1
34404,Mi1,5961.1
85536,T4a,5961.1
36695,Mi1,5961.200000000001
44119,Mi1,5961.200000000001
44449,TmY3,5961.200000000001
81015,T4a,5961.200000000001
102448,T4d,5961.200000000001
102479,T4c,5961.200000000001
118854,T4c,5961.3
112393,T4a,5961.3
102519,T4a,5961.3
34296,Mi1,5961.3
92593,T4d,5961.3
37138,Mi1,5961.3
96219,T4b,5961.3
74375,Tm3,5961.400000000001
101081,T4c,5961.400000000001
84063,T4b,5961.400000000001
80906,T4c,5961.400000000001
69546,Tm3,5961.400000000001
107819,T4c,5961.400000000001
46784,Mi1,5961.400000000001
20634,VST1,5961.400000000001
66227,Tm3,5961.400000000001
42533,TmY3,5961.400000000001
37677,Mi1,5961.400000000001
90952,T4c,5961.5
83979,T4a,5961.5
64149,Mi1,5961.5
39688,Mi1,5961.5
106950,T4c,5961.5
36911,Mi1,5961.5
30997,Mi1,5961.5
10284,VS,5961.5
10206,VS,5961.5
39275,Mi1,5961.5
67614,Mi1,5961.6
79449,T4b,5961.6
10015,HSN,5961.6
10072,OA-AL2i1,5961.6
58527,TmY3,5961.700000000001
96434,T4d,5961.700000000001
99163,T4a,5961.700000000001
103654,T4b,5961.700000000001
537004,VSm,5961.8
98938,T4a,5961.8
78968,Tm3,5961.8
75484,Tm3,5961.8
45319,Mi1,5961.8
49324,Mi1,5961.8
58553,TmY3,5961.8
41536,Mi1,5961.8
36217,Mi1,5961.8
106821,T4b,5961.9
530434,Tm3,5961.9
85074,T4a,5961.9
57239,Mi1,5961.9
98398,T4c,5961.9
37438,Mi1,5961.9
35888,Mi1,5961.9
35580,Mi1,5961.9
39595,Mi1,5961.9
34079,Mi1,5962.000000000001
41950,Mi1,5962.000000000001
66808,Tm3,5962.000000000001
67464,Mi1,5962.000000000001
74159,Tm3,5962.000000000001
123299,T4c,5962.000000000001
100075,T4c,5962.1
110988,T4a,5962.1
95017,T4c,5962.1
41709,Mi1,5962.1
35416,Mi1,5962.1
64913,T2,5962.1
97675,T4c,5962.2
91303,T4b,5962.2
85856,TmY3,5962.2
92682,T4a,5962.2
14209,Li28,5962.2
10112,VS,5962.2
46745,Mi1,5962.2
95883,T4a,5962.3
105115,T4d,5962.3
103645,T4c,5962.3
103497,Tm3,5962.3
98862,Tm3,5962.3
96365,T4a,5962.3
76268,T2a,5962.3
48607,TmY3,5962.3
54087,Mi1,5962.3
38230,Mi1,5962.3
36540,Mi1,5962.3
34867,Mi1,5962.3
10001,DNp01,5962.3
60857,Mi1,5962.3
90888,T4b,5962.400000000001
102688,T4b,5962.400000000001
104414,T4d,5962.400000000001
99131,T4c,5962.400000000001
68167,Tm3,5962.400000000001
37391,Mi1,5962.400000000001
46230,TmY3,5962.400000000001
40703,Mi1,5962.400000000001
35934,Mi1,5962.400000000001
62560,T2,5962.400000000001
10016,HSE,5962.5
36881,Mi1,5962.5
83682,Tm3,5962.5
107719,T4b,5962.5
126419,T4d,5962.6
118948,T4d,5962.6
104722,T4d,5962.6
100261,T4c,5962.6
98118,T4c,5962.6
59959,Mi1,5962.6
90027,T4c,5962.6
82313,T4a,5962.6
58967,TmY3,5962.6
44527,Mi1,5962.6
94368,T4a,5962.6
95227,T4a,5962.7
34938,Mi1,5962.7
101685,T4b,5962.7
94089,T4d,5962.8
98194,T4d,5962.8
34658,Mi1,5962.8
33766,Mi1,5962.8
43615,Mi1,5962.8
37000,Mi1,5962.900000000001
37123,Mi1,5962.900000000001
103780,T4c,5962.900000000001
110182,T4c,5963.0
103725,T4a,5963.0
98748,T4c,5963.0
92047,T4c,5963.0
90145,T4a,5963.0
82208,T2a,5963.0
74411,Mi1,5963.0
40106,Mi1,5963.0
39164,Mi1,5963.0
36446,Mi1,5963.0
10037,VS,5963.0
10025,H2,5963.0
10023,HSS,5963.0
104202,T4d,5963.099999999999
96576,T4c,5963.099999999999
69164,Mi1,5963.099999999999
107010,T4d,5963.099999999999
46121,TmY3,5963.099999999999
41120,Mi1,5963.099999999999
40958,Mi1,5963.099999999999
56564,Mi1,5963.099999999999
35840,Mi1,5963.200000000001
76446,TmY3,5963.200000000001
91469,T4c,5963.200000000001
103955,T4d,5963.200000000001
94471,T4a,5963.3
92706,T4a,5963.3
113991,T4d,5963.3
38857,Mi1,5963.3
36158,Mi1,5963.3
42895,Mi1,5963.3
31848,Mi1,5963.4
78739,T4b,5963.4
83583,T4d,5963.4
89368,T4c,5963.4
91857,T4b,5963.4
94147,T4a,5963.4
102370,T4c,5963.4
102388,T4d,5963.4
98300,T4a,5963.500000000001
108119,T4c,5963.500000000001
107812,T4a,5963.500000000001
102564,T4a,5963.500000000001
87412,T4c,5963.500000000001
83438,T4a,5963.500000000001
74061,Tm3,5963.500000000001
44564,TmY3,5963.500000000001
34045,Mi1,5963.500000000001
10825,OA-AL2i3,5963.500000000001
40854,Mi1,5963.6
64633,T2a,5963.6
86419,Tm3,5963.6
91325,T4a,5963.6
94153,T4d,5963.6
98000,T4b,5963.6
113207,T4d,5963.6
110604,T4a,5963.7
103033,T4a,5963.7
101228,T4a,5963.7
98393,T4a,5963.7
35017,Mi1,5963.7
38208,Mi1,5963.7
37044,Mi1,5963.7
33942,Mi1,5963.7
65833,Mi1,5963.7
74927,Tm3,5963.8
116259,T4b,5963.8
102845,T4b,5963.8
88084,T4b,5963.8
43063,Mi1,5963.8
35405,Mi1,5963.8
37270,Mi1,5963.8
35724,Mi1,5963.8
33614,Mi1,5963.8
23606,Mi1,5963.8
38768,Mi1,5963.8
110646,T4b,5963.900000000001
102791,T4c,5963.900000000001
93688,T4a,5963.900000000001
86635,T4c,5963.900000000001
85378,T4a,5963.900000000001
80437,Tm3,5963.900000000001
42856,Mi1,5963.900000000001
33091,Mi1,5963.900000000001
15263,Li28,5963.900000000001
45176,Mi1,5963.900000000001
80282,T4d,5964.0
108065,T4c,5964.0
98238,T4b,5964.0
94356,T4c,5964.0
73767,Mi1,5964.0
39525,Mi1,5964.0
41659,Mi1,5964.0
43924,TmY3,5964.0
10755,H1,5964.0
39500,Mi1,5964.0
34142,Mi1,5964.0
10311,VS,5964.1
49441,TmY3,5964.1
61045,TmY3,5964.1
94282,T4c,5964.1
98439,T4a,5964.1
101215,T4c,5964.1
103579,T4c,5964.1
105099,T4b,5964.1
525839,Mi1,5964.2
109598,T4b,5964.2
91222,T4d,5964.2
70359,T2,5964.2
119245,T4d,5964.2
41296,Mi1,5964.2
36369,Mi1,5964.2
35428,Mi1,5964.2
57349,Mi1,5964.2
128159,T4d,5964.3
98404,T4d,5964.3
84577,T2a,5964.3
58224,Mi1,5964.3
79297,T4a,5964.3
43783,Mi1,5964.3
42594,Mi1,5964.3
48930,TmY3,5964.3
40235,Mi1,5964.3
98222,T4d,5964.400000000001
17280,Li28,5964.400000000001
38133,Mi1,5964.400000000001
39438,Mi1,5964.400000000001
40944,Mi1,5964.400000000001
67152,Tm3,5964.400000000001
94305,T4a,5964.5
108349,T4d,5964.5
92046,T4d,5964.5
100680,T4d,5964.5
91934,T4a,5964.5
96931,T4b,5964.5
57871,T2,5964.5
16545,Li28,5964.5
33326,Mi1,5964.5
78317,T4a,5964.5
37243,Mi1,5964.5
94081,T4c,5964.599999999999
80483,T4c,5964.599999999999
38514,Mi1,5964.599999999999
97184,T4d,5964.599999999999
37585,Mi1,5964.599999999999
15909,Li28,5964.599999999999
37756,Mi1,5964.599999999999
11981,Li28,5964.700000000001
35572,Mi1,5964.700000000001
37927,Mi1,5964.700000000001
45349,Mi1,5964.700000000001
72665,Mi1,5964.700000000001
74725,T2a,5964.700000000001
98226,T4b,5964.700000000001
101621,T4d,5964.700000000001
32535,Mi1,5964.700000000001
94743,T4d,5964.8
113107,T4a,5964.8
98668,T4a,5964.8
81401,T4b,5964.8
47360,TmY3,5964.8
10015,HSN,5964.8
86992,T4b,5964.8
113648,T4c,5964.9
112027,T4d,5964.9
108276,T4a,5964.9
96260,T4d,5964.9
86558,T4b,5964.9
101742,T4c,5964.9
72501,Mi1,5964.9
71164,Mi1,5964.9
44592,TmY3,5964.9
40832,Mi1,5964.9
39505,Mi1,5964.9
81548,T2a,5964.9
37839,Mi1,5965.0
39405,Mi1,5965.0
92229,T4c,5965.0
98837,T4c,5965.0
102814,T4b,5965.0
105412,T4a,5965.0
98039,T4d,5965.1
95235,T4d,5965.1
87203,T4a,5965.1
35806,Mi1,5965.1
80812,T4a,5965.1
34933,Mi1,5965.2
37853,Mi1,5965.2
43965,Mi1,5965.2
70158,T2a,5965.2
77484,T4d,5965.2
89784,T4b,5965.2
110657,T4a,5965.3
105640,T4d,5965.3
93985,T4c,5965.3
80670,T4a,5965.3
68933,Tm3,5965.3
38487,Mi1,5965.3
63489,T2,5965.3
12521,HST,5965.3
10012,VS,5965.3
65671,Mi1,5965.3
98010,T4a,5965.400000000001
100855,T4a,5965.400000000001
97015,T4a,5965.400000000001
77891,Tm3,5965.400000000001
37568,Mi1,5965.400000000001
16033,Li28,5965.400000000001
10016,HSE,5965.5
37108,Mi1,5965.5
51049,Mi1,5965.5
61695,T2,5965.5
93564,T4d,5965.5
101379,T4d,5965.6
97877,T4d,5965.6
95454,T4a,5965.6
88625,T4c,5965.6
38596,Mi1,5965.6
37699,Mi1,5965.6
34189,Mi1,5965.6
50345,TmY3,5965.6
99292,T4a,5965.7
113852,T4b,5965.7
103195,T4a,5965.7
102298,T4c,5965.7
80137,T2a,5965.7
128726,Tm3,5965.7
64341,TmY3,5965.7
45322,Mi1,5965.7
41809,Mi1,5965.7
38455,Mi1,5965.7
35218,Mi1,5965.7
72655,Mi1,5965.7
93360,T4b,5965.8
87873,T4b,5965.8
86416,T4a,5965.8
56136,Tm3,5965.8
36646,Mi1,5965.8
11134,VSm,5965.8
10025,H2,5965.8
38772,Mi1,5965.8
85924,T4a,5965.900000000001
109652,T4d,5965.900000000001
91366,T4b,5965.900000000001
85126,T4a,5965.900000000001
33394,Mi1,5965.900000000001
76003,Tm3,5965.900000000001
72005,Tm3,5965.900000000001
39716,Mi1,5965.900000000001
82299,T4c,5965.900000000001
97981,T4a,5966.0
107445,T4a,5966.0
100729,T4b,5966.0
98751,T4a,5966.0
116129,T4b,5966.0
91913,T4b,5966.0
65298,T2a,5966.0
71089,Mi1,5966.0
58945,Tm3,5966.0
38178,Mi1,5966.0
10112,VS,5966.0
76380,Tm3,5966.0
27788,Mi1,5966.099999999999
39718,Mi1,5966.099999999999
105565,Tm3,5966.099999999999
98625,T4a,5966.200000000001
93865,T4c,5966.200000000001
68264,Tm3,5966.200000000001
64977,T2,5966.200000000001
44700,Mi1,5966.200000000001
33446,Mi1,5966.200000000001
37019,Mi1,5966.200000000001
10206,VS,5966.200000000001
10037,VS,5966.200000000001
10023,HSS,5966.200000000001
43323,Mi1,5966.200000000001
107117,T4d,5966.3
110968,T4b,5966.3
114457,T4d,5966.3
107184,Tm3,5966.3
102703,T4a,5966.3
35734,Mi1,5966.3
91444,T4c,5966.3
34463,Mi1,5966.3
97784,T4c,5966.3
69736,Tm3,5966.3
36252,Mi1,5966.3
107170,T4b,5966.4
47211,Mi1,5966.5
59008,Mi1,5966.5
65810,Tm3,5966.5
93482,T4d,5966.5
104017,T4b,5966.5
128396,T4d,5966.5
113568,T4d,5966.6
90097,T4c,5966.6
85009,Tm3,5966.6
84292,T4d,5966.6
79483,Tm3,5966.6
103351,T4a,5966.6
69441,Tm3,5966.6
76733,Tm3,5966.6
35045,Mi1,5966.6
93947,T4a,5966.6
37599,Mi1,5966.6
36990,Mi1,5966.6
61500,Tm3,5966.6
38238,Mi1,5966.7
39067,Mi1,5966.7
48060,Mi1,5966.7
117179,T4c,5966.7
112744,T4d,5966.8
94179,T4a,5966.8
74860,Tm3,5966.8
35836,Mi1,5966.8
68342,Tm3,5966.8
33216,Mi1,5966.9
70524,T2a,5966.9
75381,Tm3,5966.9
75966,T2a,5966.9
93984,T4b,5966.9
171349687,Tm3,5966.9
118658,T4a,5967.0
103022,T4a,5967.0
102975,T4b,5967.0
95532,T4a,5967.0
95007,T4a,5967.0
93957,T4b,5967.0
92055,T4c,5967.0
86778,T4a,5967.0
75172,T2a,5967.0
92171,T4b,5967.0
119213,T4c,5967.1
102229,T4d,5967.1
100785,T4b,5967.1
70188,T2,5967.1
95921,T4c,5967.1
40577,Mi1,5967.1
33918,Mi1,5967.1
10269,OA-AL2i2,5967.1
45696,Mi1,5967.1
17596,Li28,5967.2
38241,Mi1,5967.2
42942,Mi1,5967.2
66791,Tm3,5967.2
104996,T4a,5967.2
120992,Tm3,5967.3
105313,T4a,5967.3
108697,T4d,5967.3
71583,Tm3,5967.3
104262,T4a,5967.3
117652,T4d,5967.400000000001
106362,T4d,5967.400000000001
100165,T4b,5967.400000000001
95453,T4a,5967.400000000001
134209,Tm3,5967.400000000001
45719,Mi1,5967.400000000001
39791,Mi1,5967.400000000001
37084,Mi1,5967.400000000001
19292,Li28,5967.400000000001
65307,T2,5967.400000000001
35897,Mi1,5967.5
38987,Mi1,5967.5
42119,Mi1,5967.5
86917,Tm3,5967.5
91987,T4c,5967.5
100774,T4a,5967.5
106793,T4d,5967.5
537004,VSm,5967.5
92957,T4d,5967.599999999999
76788,T4b,5967.599999999999
70289,Mi1,5967.599999999999
36452,Mi1,5967.599999999999
16596,Li28,5967.599999999999
38529,Mi1,5967.599999999999
122333,T4b,5967.700000000001
105545,T4d,5967.700000000001
100032,T4c,5967.700000000001
98549,T4a,5967.700000000001
97878,T4b,5967.700000000001
117631,T4d,5967.700000000001
60979,TmY3,5967.700000000001
41613,Mi1,5967.700000000001
38710,Mi1,5967.700000000001
32893,Mi1,5967.700000000001
10403,VS,5967.700000000001
74088,T2a,5967.700000000001
109336,T4b,5967.8
114196,T4d,5967.8
119288,T4d,5967.9
103570,T4d,5967.9
34849,Mi1,5967.9
72839,Tm3,5967.9
92141,T4a,5967.9
78848,Tm3,5968.0
124699,T4b,5968.0
93877,T4c,5968.0
74287,Tm3,5968.0
67810,Tm3,5968.0
60886,T2a,5968.0
48514,TmY3,5968.0
33655,Mi1,5968.0
10015,HSN,5968.0
53156,TmY3,5968.1
66325,Tm3,5968.1
67408,Mi1,5968.1
89864,T4b,5968.1
111579,Tm3,5968.1
117627,Tm3,5968.1
121093,T4b,5968.2
89409,T4a,5968.2
82618,T2a,5968.2
74303,Mi1,5968.2
73122,T2a,5968.2
37631,Mi1,5968.2
58862,Mi1,5968.2
35774,Mi1,5968.2
35001,Mi1,5968.2
71938,T2a,5968.2
90467,T4d,5968.3
108870,T4a,5968.3
98654,T4d,5968.3
91914,T4a,5968.3
77039,T2a,5968.3
37948,Mi1,5968.3
41435,Mi1,5968.3
38791,Mi1,5968.3
38479,Mi1,5968.3
42691,Mi1,5968.3
96852,T4a,5968.4
93142,T4a,5968.4
89142,T4b,5968.4
53065,Mi1,5968.4
47368,TmY3,5968.4
38648,Mi1,5968.4
36410,Mi1,5968.4
34606,Mi1,5968.4
10284,VS,5968.4
10016,HSE,5968.4
117662,T4d,5968.500000000001
109645,T4b,5968.500000000001
91806,T4a,5968.500000000001
111236,T4d,5968.500000000001
76074,Tm3,5968.500000000001
48531,Mi1,5968.500000000001
10755,H1,5968.500000000001
90900,T4a,5968.500000000001
10025,H2,5968.6
35602,Mi1,5968.6
47696,TmY3,5968.6
84490,T4a,5968.6
526158,Mi1,5968.7
94468,T4c,5968.7
103343,T4b,5968.7
51870,TmY3,5968.7
64260,T2,5968.7
23047,Li28,5968.8
34329,Mi1,5968.8
37113,Mi1,5968.8
62838,TmY3,5968.8
78561,Tm3,5968.8
98409,T4c,5968.900000000001
104853,T4c,5968.900000000001
102742,T4d,5968.900000000001
102540,T4b,5968.900000000001
92684,T4c,5968.900000000001
41522,Mi1,5968.900000000001
41399,Mi1,5968.900000000001
39894,T4b,5968.900000000001
37555,Mi1,5968.900000000001
90049,T4c,5968.900000000001
83718,Tm3,5969.0
106535,T4d,5969.0
102462,T4c,5969.0
102295,T4d,5969.0
100924,T4b,5969.0
86715,Tm3,5969.0
62562,T2,5969.0
50552,Mi1,5969.0
44222,Mi1,5969.0
38461,Mi1,5969.0
36305,Mi1,5969.0
106587,T4d,5969.0
107334,T4a,5969.0
103657,T4b,5969.1
130730,Tm3,5969.1
99074,T4b,5969.1
95926,T4a,5969.1
75848,T2a,5969.1
51122,Mi1,5969.1
43414,Mi1,5969.1
88575,T4b,5969.1
102016,T4a,5969.200000000001
16570,VST2,5969.200000000001
35113,Mi1,5969.200000000001
52350,Mi1,5969.200000000001
63175,Mi1,5969.200000000001
63468,Mi1,5969.200000000001
88922,T4c,5969.200000000001
112241,T4b,5969.200000000001
121816,T4a,5969.200000000001
91313,T4a,5969.3
89223,T4d,5969.3
89020,T4a,5969.3
104257,T4b,5969.3
60643,Tm3,5969.3
57164,TmY3,5969.3
48986,TmY3,5969.3
83613,T4b,5969.3
108249,T4a,5969.400000000001
35447,Mi1,5969.400000000001
86907,T4a,5969.400000000001
118385,T4b,5969.400000000001
80033,T4a,5969.400000000001
10023,HSS,5969.400000000001
57950,Tm3,5969.400000000001
37037,Mi1,5969.400000000001
10037,VS,5969.400000000001
63190,T2,5969.400000000001
39158,Mi1,5969.5
89290,T4d,5969.5
103025,T4a,5969.5
107486,T4c,5969.5
112362,T4c,5969.6
102910,T4b,5969.6
96126,T4b,5969.6
95677,T4c,5969.6
82425,T4b,5969.6
78477,T4a,5969.6
98360,T4c,5969.6
38721,Mi1,5969.6
35234,Mi1,5969.6
15909,Li28,5969.6
15019,Li28,5969.6
11981,Li28,5969.6
77138,Tm3,5969.6
105379,T4c,5969.700000000001
100633,T4a,5969.700000000001
97835,T4a,5969.700000000001
91476,T4d,5969.700000000001
85598,T4b,5969.700000000001
81037,T2a,5969.700000000001
62757,T2a,5969.700000000001
38893,Mi1,5969.700000000001
35683,Mi1,5969.700000000001
33017,Mi1,5969.700000000001
65513,T2a,5969.700000000001
104670,T4d,5969.8
33110,Mi1,5969.8
35770,Mi1,5969.8
97193,T4a,5969.8
101302,T4d,5969.8
110040,T4c,5969.8
43689,Mi1,5969.9
71447,T4c,5969.9
36954,Mi1,5969.9
78999,T2a,5969.9
15422,VST2,5969.9
10112,VS,5969.9
34862,Mi1,5969.9
127615,Tm3,5970.000000000001
109285,T4c,5970.000000000001
84366,T4b,5970.000000000001
84328,T4a,5970.000000000001
92939,T4b,5970.000000000001
63420,Mi1,5970.000000000001
36346,Mi1,5970.000000000001
10012,VS,5970.000000000001
67113,Mi1,5970.000000000001
89025,T4a,5970.1
151155,T4b,5970.1
115111,T4a,5970.1
113414,T4d,5970.1
104412,T4a,5970.1
99789,T4d,5970.1
94283,T4d,5970.1
79413,T4b,5970.1
92552,T4a,5970.1
48286,Mi1,5970.1
46827,Mi1,5970.1
41136,Mi1,5970.1
36275,Mi1,5970.1
33462,Mi1,5970.1
31492,Mi1,5970.1
16545,Li28,5970.1
61768,T2,5970.1
114391,T4d,5970.2
106338,T4a,5970.2
95629,T4c,5970.2
69228,T2a,5970.2
66872,T2,5970.2
34057,Mi1,5970.2
24338,LC4,5970.2
10766,VS,5970.2
35100,Mi1,5970.2
49788,TmY3,5970.3
89416,T4c,5970.3
93166,T4c,5970.3
101878,T4a,5970.3
102595,T4d,5970.3
104858,T4b,5970.400000000001
113686,T4d,5970.400000000001
96090,T4c,5970.400000000001
88698,T4a,5970.400000000001
72190,Tm3,5970.400000000001
34171,Mi1,5970.400000000001
90371,T4d,5970.400000000001
100190,T4c,5970.5
16033,Li28,5970.5
35235,Mi1,5970.5
39692,TmY3,5970.5
39727,Mi1,5970.5
67971,Tm3,5970.5
81215,Tm3,5970.5
89485,T4a,5970.5
100105,T4a,5970.5
108948,T4b,5970.5
71944,T2a,5970.6
71029,T2,5970.6
55976,Mi1,5970.6
103344,T4b,5970.6
38421,Mi1,5970.6
10206,VS,5970.6
51848,TmY3,5970.6
116343,T4a,5970.7
110910,Tm3,5970.7
107715,T4a,5970.7
67719,T2a,5970.7
66852,Mi1,5970.7
88005,T4d,5970.7
35260,Mi1,5970.8
55101,Mi1,5970.8
70490,Mi1,5970.8
102495,T4b,5970.8
105706,T4a,5970.8
105718,T4b,5970.8
107529,T4d,5970.8
98245,T4c,5970.900000000001
37371,Mi1,5970.900000000001
57398,Mi1,5970.900000000001
70281,T2a,5970.900000000001
82507,T2a,5970.900000000001
96728,T4c,5970.900000000001
101043,T4c,5971.0
100726,T4d,5971.0
127170,Tm3,5971.0
547091,T2,5971.0
96835,T4b,5971.0
106200,T4c,5971.0
83639,T2a,5971.0
54885,TmY3,5971.0
93302,T4b,5971.0
79257,Tm3,5971.0
59397,Mi1,5971.0
10015,HSN,5971.099999999999
69961,Tm3,5971.099999999999
82699,Tm3,5971.099999999999
83125,T4b,5971.099999999999
94549,T4b,5971.099999999999
112458,T4b,5971.099999999999
130994,Tm3,5971.200000000001
64540,T2,5971.200000000001
40171,Mi1,5971.200000000001
40596,Mi1,5971.200000000001
10016,HSE,5971.3
38687,Mi1,5971.3
41668,Mi1,5971.3
47240,TmY3,5971.3
104027,T4d,5971.3
107567,T4c,5971.3
70812,TmY3,5971.4
69915,TmY3,5971.4
40426,Mi1,5971.4
10025,H2,5971.4
38748,Mi1,5971.4
542412,Mi1,5971.500000000001
133040,Tm3,5971.500000000001
104256,T4a,5971.500000000001
101994,T4a,5971.500000000001
92281,T4c,5971.500000000001
106745,T4b,5971.500000000001
80582,T4a,5971.500000000001
79070,T2a,5971.500000000001
47967,Mi1,5971.500000000001
40256,Mi1,5971.500000000001
89102,T4d,5971.500000000001
54423,TmY3,5971.6
86724,Tm3,5971.6
87808,T4a,5971.6
101772,Tm3,5971.6
115686,T4b,5971.6
117151,T4d,5971.6
546524,Mi1,5971.7
120594,T4c,5971.7
112954,T4d,5971.7
104911,T4c,5971.7
103425,T4a,5971.7
44438,Mi1,5971.7
40411,Mi1,5971.7
38632,Mi1,5971.7
35890,Mi1,5971.7
98175,T4c,5971.7
116610,T4d,5971.8
108325,T4c,5971.8
103677,T4b,5971.8
149504,T4d,5971.8
69540,TmY3,5971.8
34626,Mi1,5971.8
22264,TmY3,5971.8
81494,T2,5971.8
111857,T4d,5971.900000000001
109142,T4b,5971.900000000001
108010,T4c,5971.900000000001
107143,T4d,5971.900000000001
105962,T4b,5971.900000000001
96830,T4b,5971.900000000001
88167,T4b,5971.900000000001
87814,T4b,5971.900000000001
76038,Tm3,5971.900000000001
90796,T4d,5971.900000000001
122233,Tm3,5972.0
105332,T4b,5972.0
82976,Tm3,5972.0
38227,Mi1,5972.0
17280,Li28,5972.0
40635,Mi1,5972.0
105862,T4d,5972.1
100282,T4a,5972.1
96657,T4c,5972.1
84800,Tm3,5972.1
78421,T2a,5972.1
99011,T4c,5972.1
42048,Mi1,5972.1
40219,Mi1,5972.1
39743,Mi1,5972.1
10311,VS,5972.1
68212,T2a,5972.1
43978,Mi1,5972.2
88726,T4b,5972.2
103108,T4b,5972.2
105521,T4c,5972.2
108066,T4b,5972.2
112594,T4b,5972.3
97769,T4a,5972.3
95822,T4b,5972.3
86175,T4a,5972.3
90121,T4b,5972.3
37224,Mi1,5972.3
35152,Mi1,5972.3
11134,VSm,5972.3
84267,T4c,5972.3
36684,Mi1,5972.400000000001
37509,Mi1,5972.400000000001
63994,Mi1,5972.400000000001
88353,T4b,5972.400000000001
97105,T4d,5972.400000000001
97853,T4c,5972.400000000001
104301,T4b,5972.400000000001
112369,T4d,5972.5
78308,T2a,5972.5
93509,T4b,5972.5
10037,VS,5972.5
44282,Mi1,5972.5
10023,HSS,5972.599999999999
35845,Mi1,5972.599999999999
86720,Tm3,5972.599999999999
98887,T4b,5972.599999999999
98985,T4c,5972.599999999999
101463,T4d,5972.599999999999
116311,T4d,5972.599999999999
92251,T4b,5972.700000000001
108625,T4b,5972.700000000001
101961,Tm3,5972.700000000001
101380,T4d,5972.700000000001
98890,T4c,5972.700000000001
84631,T4c,5972.700000000001
67308,Mi1,5972.700000000001
69980,Tm3,5972.700000000001
60856,T2a,5972.700000000001
42758,Mi1,5972.700000000001
16606,VST2,5972.700000000001
72955,T2a,5972.700000000001
116187,T4c,5972.8
108043,T4a,5972.8
102147,T4c,5972.8
92472,T4c,5972.8
88933,T4a,5972.8
88095,T4d,5972.8
87763,T4a,5972.8
85737,T2a,5972.8
72279,Mi1,5972.8
71475,Tm3,5972.8
41545,Mi1,5972.8
20264,Li28,5972.8
87289,T4a,5972.8
91725,T4b,5972.9
109276,T4d,5972.9
104450,T4a,5972.9
100799,T4c,5972.9
71773,T2a,5972.9
10755,H1,5972.9
63825,Tm3,5972.9
38477,Mi1,5972.9
36177,Mi1,5972.9
34272,Mi1,5972.9
69063,Mi1,5972.9
35290,Mi1,5973.0
46248,Mi1,5973.0
99316,T4b,5973.0
100310,T4d,5973.1
98937,T4a,5973.1
89099,T4a,5973.1
40936,Mi1,5973.1
45162,TmY3,5973.1
73284,T2a,5973.1
99922,T4c,5973.2
114201,T4c,5973.2
537004,VSm,5973.2
94071,T4a,5973.2
108740,T4c,5973.2
40085,Mi1,5973.2
39629,Mi1,5973.2
38993,Mi1,5973.2
37353,Mi1,5973.2
82529,T2a,5973.2
103867,T4a,5973.3
81486,T4b,5973.3
80284,Tm3,5973.3
79259,T4b,5973.3
97186,T4a,5973.3
41654,Mi1,5973.3
36139,Mi1,5973.3
34899,Mi1,5973.3
41804,Mi1,5973.3
12521,HST,5973.400000000001
36533,Mi1,5973.400000000001
58576,T2,5973.400000000001
73385,T2a,5973.400000000001
81706,T2a,5973.400000000001
86141,T4b,5973.400000000001
92114,T4c,5973.400000000001
96003,T4d,5973.400000000001
98911,T4b,5973.5
106166,T4b,5973.5
74023,T2a,5973.5
42872,Mi1,5973.5
70708,T2,5973.5
71131,Tm3,5973.5
39858,Mi1,5973.6
45948,TmY3,5973.6
79936,Tm3,5973.6
87565,T4a,5973.6
90465,T4a,5973.6
116605,T4d,5973.6
85895,T4c,5973.7
38767,Mi1,5973.7
35777,Mi1,5973.7
22108,TmY3,5973.7
34300,Mi1,5973.7
10112,VS,5973.7
34479,Mi1,5973.7
109326,T4c,5973.8
533688,Tm3,5973.8
109857,T4d,5973.8
90219,T4a,5973.8
111949,T4c,5973.8
50333,TmY3,5973.8
44119,Mi1,5973.8
41626,Mi1,5973.8
39651,Mi1,5973.8
83009,T4b,5973.8
36660,Mi1,5973.900000000001
37088,Mi1,5973.900000000001
40795,Mi1,5973.900000000001
42675,Mi1,5973.900000000001
47686,TmY3,5973.900000000001
87429,T4b,5973.900000000001
90419,T4b,5973.900000000001
112969,T4c,5973.900000000001
101480,T4c,5974.0
71765,T2a,5974.0
62078,Mi1,5974.0
36994,Mi1,5974.0
43485,Mi1,5974.0
60594,TmY3,5974.0
35498,Mi1,5974.099999999999
39275,Mi1,5974.099999999999
40400,Mi1,5974.099999999999
82500,T2a,5974.099999999999
98381,T4d,5974.099999999999
101134,T4c,5974.200000000001
101033,T4d,5974.200000000001
81995,Tm3,5974.200000000001
10016,HSE,5974.200000000001
10015,HSN,5974.200000000001
10025,H2,5974.200000000001
123490,Tm3,5974.3
110160,T4c,5974.3
100874,T4a,5974.3
96394,T4b,5974.3
71394,T2a,5974.3
100946,T4c,5974.3
43872,Mi1,5974.3
38708,Mi1,5974.3
34296,Mi1,5974.3
30997,Mi1,5974.3
20634,VST1,5974.3
68982,Tm3,5974.3
15909,Li28,5974.4
34404,Mi1,5974.4
64849,Tm3,5974.4
65850,T2a,5974.4
95985,T4c,5974.4
115511,T4d,5974.5
102572,T4c,5974.5
100206,T4c,5974.5
96424,T4b,5974.5
73139,Tm3,5974.5
89434,T4c,5974.5
56118,TmY3,5974.5
41637,Mi1,5974.5
95356,T4a,5974.5
134799,Tm3,5974.6
100673,T4b,5974.6
100274,T4a,5974.6
92254,T4b,5974.6
88152,T4c,5974.6
87896,T4a,5974.6
14416,VST2,5974.6
11551,VS,5974.6
10284,VS,5974.6
10012,VS,5974.6
37529,Mi1,5974.6
93927,T4a,5974.7
114611,T4d,5974.7
112545,T4d,5974.7
109536,T4d,5974.7
90657,T4a,5974.7
83042,T4b,5974.7
86504,T4b,5974.7
35512,Mi1,5974.7
36911,Mi1,5974.7
88992,T4c,5974.7
37677,Mi1,5974.7
10206,VS,5974.8
33907,Mi1,5974.8
46784,Mi1,5974.8
68138,TmY3,5974.8
86630,Tm3,5974.8
114832,T4c,5974.8
113410,T4d,5974.9
64149,Mi1,5974.9
97028,T4c,5974.9
37294,Mi1,5974.9
11981,Li28,5974.9
41536,Mi1,5974.9
37680,Mi1,5975.0
76528,Tm3,5975.0
82121,Tm3,5975.0
84663,T2a,5975.0
91629,T4a,5975.0
102991,T4c,5975.0
106510,T4b,5975.0
92644,T4d,5975.1
114884,T4d,5975.1
92842,T4a,5975.1
78597,T2a,5975.1
41950,Mi1,5975.1
45319,Mi1,5975.1
37390,Mi1,5975.1
52328,TmY3,5975.1
124357,T4d,5975.2
109384,T4d,5975.2
106894,T4b,5975.2
121887,T4b,5975.2
90520,T4a,5975.2
83379,Tm3,5975.2
105802,T4c,5975.2
34356,Mi1,5975.3
34867,Mi1,5975.3
62569,T2,5975.3
75298,T2a,5975.3
46745,Mi1,5975.400000000001
106922,T4c,5975.400000000001
93224,T4a,5975.400000000001
42533,TmY3,5975.400000000001
37438,Mi1,5975.400000000001
35580,Mi1,5975.400000000001
35416,Mi1,5975.400000000001
24867,VST1,5975.400000000001
40505,Mi1,5975.400000000001
111184,T4a,5975.5
79875,T4c,5975.5
99748,T4b,5975.5
34658,Mi1,5975.5
16545,Li28,5975.5
67132,TmY3,5975.5
107105,T4d,5975.599999999999
35712,Mi1,5975.599999999999
35888,Mi1,5975.599999999999
37138,Mi1,5975.599999999999
41709,Mi1,5975.599999999999
79210,Tm3,5975.599999999999
89110,Tm3,5975.700000000001
87845,T4a,5975.700000000001
93313,T4a,5975.700000000001
85731,T4d,5975.700000000001
77557,T4b,5975.700000000001
54087,Mi1,5975.700000000001
37270,Mi1,5975.700000000001
37123,Mi1,5975.700000000001
10037,VS,5975.700000000001
109172,T4b,5975.8
108475,T4b,5975.8
103870,T4a,5975.8
77480,Tm3,5975.8
97866,T4d,5975.8
44449,TmY3,5975.8
38208,Mi1,5975.8
34369,Mi1,5975.8
10023,HSS,5975.8
49324,Mi1,5975.8
36158,Mi1,5975.9
72558,T2a,5975.9
83677,T4c,5975.9
96211,T4d,5975.9
109035,T4b,5975.9
105386,T4d,5976.0
109916,T4d,5976.0
93021,T4a,5976.0
115422,T4c,5976.0
112179,T4b,5976.0
121245,Tm3,5976.0
60857,Mi1,5976.0
36217,Mi1,5976.0
14209,Li28,5976.0
40106,Mi1,5976.0
34938,Mi1,5976.0
16033,Li28,5976.0
115369,T4c,5976.1
110742,T4c,5976.1
105849,T4d,5976.1
104621,T4c,5976.1
102741,T4c,5976.1
92146,T4a,5976.1
87358,T4a,5976.1
82549,T4b,5976.1
71230,Tm3,5976.1
36540,Mi1,5976.1
35173,Mi1,5976.1
91345,T4c,5976.1
104622,T4b,5976.200000000001
103722,T4c,5976.200000000001
97677,T4c,5976.200000000001
97288,T4c,5976.200000000001
42895,Mi1,5976.200000000001
37000,Mi1,5976.200000000001
36446,Mi1,5976.200000000001
34079,Mi1,5976.200000000001
37391,Mi1,5976.200000000001
106912,Tm3,5976.3
103765,T4d,5976.3
97306,T4a,5976.3
84010,Tm3,5976.3
91682,T4b,5976.3
66345,T2a,5976.3
65443,T2a,5976.3
59599,T2,5976.3
39688,Mi1,5976.3
83204,T4d,5976.3
25893,VST1,5976.4
39164,Mi1,5976.4
41296,Mi1,5976.4
51963,TmY3,5976.4
93750,T4c,5976.4
100956,T4d,5976.4
101072,T4b,5976.500000000001
64712,T2a,5976.500000000001
85778,T4b,5976.500000000001
39595,Mi1,5976.500000000001
35017,Mi1,5976.500000000001
60337,TmY3,5976.500000000001
105403,T4c,5976.6
100018,T4a,5976.6
98504,T4c,5976.6
78856,Tm3,5976.6
78503,T2a,5976.6
95972,T4d,5976.6
72148,Tm3,5976.6
44527,Mi1,5976.6
37044,Mi1,5976.6
33766,Mi1,5976.6
77527,T4a,5976.6
119501,T4d,5976.7
114080,T4a,5976.7
112619,T4d,5976.7
110693,Tm3,5976.7
109127,T4b,5976.7
93025,T4b,5976.7
86536,Tm3,5976.7
91510,T4c,5976.7
67464,Mi1,5976.7
56564,Mi1,5976.7
38857,Mi1,5976.7
38514,Mi1,5976.7
36695,Mi1,5976.7
33942,Mi1,5976.7
23606,Mi1,5976.7
79293,Tm3,5976.7
102801,T4b,5976.8
93566,T4a,5976.8
38230,Mi1,5976.8
66357,T2a,5976.8
89728,Tm3,5976.900000000001
109153,T4a,5976.900000000001
108907,T4c,5976.900000000001
108757,T4c,5976.900000000001
78940,T4a,5976.900000000001
11005,OA-VUMa4,5976.900000000001
59864,Tm3,5976.900000000001
57239,Mi1,5976.900000000001
35934,Mi1,5976.900000000001
59959,Mi1,5976.900000000001
68840,TmY3,5977.0
101382,T4c,5977.0
90567,T4b,5977.0
68475,T2a,5977.0
10025,H2,5977.0
38768,Mi1,5977.0
36881,Mi1,5977.0
10755,H1,5977.0
43615,Mi1,5977.0
10016,HSE,5977.1
40026,TmY3,5977.1
51191,TmY3,5977.1
70632,Tm3,5977.1
80913,T4a,5977.1
97145,T4c,5977.1
105135,T4c,5977.1
101441,T4a,5977.2
82099,T4b,5977.2
72586,Tm3,5977.2
67150,T2a,5977.2
34142,Mi1,5977.2
40703,Mi1,5977.2
39438,Mi1,5977.2
65833,Mi1,5977.2
101620,T4b,5977.3
112321,T4d,5977.3
109631,T4b,5977.3
85429,T4d,5977.3
42010,TmY3,5977.3
69164,Mi1,5977.3
48894,TmY3,5977.3
42856,Mi1,5977.3
79253,T4a,5977.3
10015,HSN,5977.400000000001
10112,VS,5977.400000000001
35724,Mi1,5977.400000000001
41671,TmY3,5977.400000000001
45176,Mi1,5977.400000000001
72794,Tm3,5977.400000000001
81015,T4a,5977.400000000001
98137,T4d,5977.400000000001
99670,T4c,5977.400000000001
95554,T4b,5977.5
105126,T4c,5977.5
79314,T4b,5977.5
112344,T4c,5977.5
67614,Mi1,5977.5
42594,Mi1,5977.5
74411,Mi1,5977.5
90566,T4d,5977.6
83438,T4a,5977.6
77361,T4a,5977.6
103557,T4a,5977.6
33091,Mi1,5977.6
31848,Mi1,5977.6
72938,T2a,5977.6
40235,Mi1,5977.700000000001
44746,TmY3,5977.700000000001
61353,T2,5977.700000000001
69889,T2a,5977.700000000001
85229,T4c,5977.8
109225,T4a,5977.8
112806,T4c,5977.8
92706,T4a,5977.8
71228,T2a,5977.8
97161,T4a,5977.8
40958,Mi1,5977.8
39525,Mi1,5977.8
35840,Mi1,5977.8
33614,Mi1,5977.8
48547,TmY3,5977.8
94953,T4d,5977.9
92431,T4a,5977.9
85938,T4a,5977.9
98575,T4a,5977.9
58224,Mi1,5977.9
57349,Mi1,5977.9
40944,Mi1,5977.9
72983,T2a,5977.9
106401,T4d,5978.000000000001
104884,T4b,5978.000000000001
83979,T4a,5978.000000000001
72619,T2a,5978.000000000001
71188,T2a,5978.000000000001
44564,TmY3,5978.000000000001
39500,Mi1,5978.000000000001
37733,TmY3,5978.000000000001
15263,Li28,5978.000000000001
41120,Mi1,5978.000000000001
85152,T4c,5978.1
90423,T4b,5978.1
75343,Tm3,5978.1
108675,T4b,5978.1
41659,Mi1,5978.1
43965,Mi1,5978.1
11134,VSm,5978.1
114338,T4c,5978.2
98312,T4a,5978.2
94983,T4c,5978.2
59528,T2a,5978.2
105122,T4b,5978.2
37927,Mi1,5978.2
35405,Mi1,5978.2
34933,Mi1,5978.2
34045,Mi1,5978.2
49516,TmY3,5978.2
35572,Mi1,5978.3
85292,Tm3,5978.3
91804,T4d,5978.3
94668,T4d,5978.3
101228,T4a,5978.3
107356,T4d,5978.3
108161,T4a,5978.3
112048,T4c,5978.3
129930,Tm3,5978.3
82724,Tm3,5978.400000000001
101732,T4c,5978.400000000001
73096,T2a,5978.400000000001
43783,Mi1,5978.400000000001
10322,OA-AL2i2,5978.5
36369,Mi1,5978.5
40854,Mi1,5978.5
75067,TmY3,5978.5
79704,T4d,5978.5
90533,T4c,5978.5
96134,T4b,5978.6
115214,T4b,5978.6
89092,T4c,5978.6
73767,Mi1,5978.6
39505,Mi1,5978.6
38238,Mi1,5978.6
37585,Mi1,5978.7
86578,T4c,5978.7
92839,T4b,5978.7
97031,T4c,5978.7
98817,T4a,5978.7
100033,T4c,5978.7
104336,T4b,5978.8
537004,VSm,5978.8
107075,T4d,5978.8
103527,T4c,5978.8
100488,T4c,5978.8
102579,T4b,5978.8
37243,Mi1,5978.8
35428,Mi1,5978.8
103152,T4a,5978.8
81620,T2a,5978.900000000001
71164,Mi1,5978.900000000001
64951,Tm3,5978.900000000001
63021,Tm3,5978.900000000001
71402,Tm3,5978.900000000001
33326,Mi1,5978.900000000001
10037,VS,5978.900000000001
10012,VS,5978.900000000001
61292,T2,5978.900000000001
10687,OA-AL2i3,5979.0
20808,LC4,5979.0
71089,Mi1,5979.0
87756,Tm3,5979.0
100996,T4b,5979.0
103780,T4c,5979.0
107609,T4d,5979.0
95458,T4d,5979.099999999999
99837,T4a,5979.099999999999
100319,T4b,5979.099999999999
95287,T4a,5979.099999999999
35806,Mi1,5979.099999999999
43063,Mi1,5979.099999999999
42006,TmY3,5979.099999999999
10023,HSS,5979.099999999999
45322,Mi1,5979.099999999999
58703,T2,5979.200000000001
38178,Mi1,5979.200000000001
91057,T4c,5979.200000000001
37756,Mi1,5979.200000000001
35218,Mi1,5979.200000000001
38133,Mi1,5979.200000000001
15909,Li28,5979.3
39716,Mi1,5979.3
77906,T2a,5979.3
111623,T4a,5979.3
94755,T4a,5979.4
103302,T4c,5979.4
101770,T4b,5979.4
99950,T4c,5979.4
94624,T4a,5979.4
101945,T4b,5979.4
68730,T2,5979.4
47211,Mi1,5979.4
39405,Mi1,5979.4
33446,Mi1,5979.4
10206,VS,5979.4
79449,T4b,5979.4
85378,T4a,5979.500000000001
77775,T2a,5979.500000000001
101589,T4a,5979.500000000001
72501,Mi1,5979.500000000001
32535,Mi1,5979.500000000001
75473,Tm3,5979.500000000001
43323,Mi1,5979.6
67072,T2a,5979.6
79271,T4a,5979.6
96307,T4a,5979.6
117748,Tm3,5979.6
128916,Tm3,5979.6
79646,Tm3,5979.7
122290,Tm3,5979.7
96576,T4c,5979.7
93360,T4b,5979.7
76886,T2a,5979.7
51049,Mi1,5979.7
38455,Mi1,5979.7
34189,Mi1,5979.7
23047,Li28,5979.7
62089,Tm3,5979.7
87452,T2a,5979.8
10025,H2,5979.8
37839,Mi1,5979.8
37853,Mi1,5979.8
38596,Mi1,5979.8
72665,Mi1,5979.8
91469,T4c,5979.8
99975,T4c,5979.8
111613,T4d,5979.8
117221,T4c,5979.8
75227,T2a,5979.900000000001
62856,T2,5979.900000000001
94058,T4b,5979.900000000001
85918,T2a,5979.900000000001
45349,Mi1,5979.900000000001
90394,T4a,5979.900000000001
37108,Mi1,5979.900000000001
36646,Mi1,5979.900000000001
36252,Mi1,5979.900000000001
10311,VS,5979.900000000001
38772,Mi1,5979.900000000001
10072,OA-AL2i1,5979.900000000001
119601,T4d,5980.0
111823,T4c,5980.0
108344,T4d,5980.0
90135,T4c,5980.0
70642,T2a,5980.0
68535,T2a,5980.0
45696,Mi1,5980.0
38487,Mi1,5980.0
37699,Mi1,5980.0
37568,Mi1,5980.0
10016,HSE,5980.0
63820,T2a,5980.0
102409,T4c,5980.1
525839,Mi1,5980.1
102799,T4c,5980.1
98448,T4b,5980.1
106801,T4c,5980.1
77307,Tm3,5980.1
65542,T2,5980.1
48060,Mi1,5980.1
36990,Mi1,5980.1
88398,T4a,5980.1
33394,Mi1,5980.2
99671,T4c,5980.2
100501,T4b,5980.2
100981,T4d,5980.2
107991,T4b,5980.2
118173,Tm3,5980.3
107420,T4b,5980.3
105214,T4c,5980.3
105565,Tm3,5980.3
83583,T4d,5980.3
65671,Mi1,5980.3
17280,Li28,5980.3
86932,T4b,5980.3
111380,Tm3,5980.400000000001
106886,T4c,5980.400000000001
100787,T4b,5980.400000000001
89866,T4b,5980.400000000001
85866,T4b,5980.400000000001
72989,Tm3,5980.400000000001
50345,TmY3,5980.400000000001
39718,Mi1,5980.400000000001
75318,T2,5980.400000000001
88491,T4a,5980.5
95681,T4a,5980.5
102481,T4a,5980.5
87566,T4a,5980.5
37084,Mi1,5980.5
44700,Mi1,5980.5
10015,HSN,5980.5
83307,Tm3,5980.5
39067,Mi1,5980.5
27788,Mi1,5980.599999999999
35836,Mi1,5980.599999999999
41613,Mi1,5980.599999999999
41809,Mi1,5980.599999999999
69266,Tm3,5980.599999999999
72655,Mi1,5980.599999999999
98398,T4c,5980.599999999999
66808,Tm3,5980.700000000001
10284,VS,5980.700000000001
33655,Mi1,5980.700000000001
62851,Tm3,5980.700000000001
125288,Tm3,5980.700000000001
114995,T4b,5980.8
102765,T4d,5980.8
95736,T4c,5980.8
117551,Tm3,5980.8
70289,Mi1,5980.8
11981,Li28,5980.8
81378,T4b,5980.8
104354,T4b,5980.9
68562,T2a,5980.9
93941,T4b,5980.9
63868,T2a,5980.9
34463,Mi1,5980.9
44222,Mi1,5980.9
37019,Mi1,5980.9
36452,Mi1,5980.9
45719,Mi1,5980.9
117364,T4b,5981.0
107628,T4d,5981.0
106522,T4d,5981.0
88951,Tm3,5981.0
84063,T4b,5981.0
77484,T4d,5981.0
65742,Tm3,5981.0
41435,Mi1,5981.0
40832,Mi1,5981.0
39894,T4b,5981.0
83191,T4a,5981.0
37599,Mi1,5981.1
85536,T4a,5981.1
35045,Mi1,5981.1
10112,VS,5981.1
33017,Mi1,5981.1
38241,Mi1,5981.2
39791,Mi1,5981.2
40716,Tm3,5981.2
42691,Mi1,5981.2
66227,Tm3,5981.2
70153,Tm3,5981.2
88039,T4c,5981.2
94356,T4c,5981.3
88746,Tm3,5981.3
82674,T4a,5981.3
77344,Tm3,5981.3
58862,Mi1,5981.3
46662,TmY3,5981.3
39692,TmY3,5981.3
16545,Li28,5981.3
10755,H1,5981.3
56918,TmY3,5981.3
84008,T4c,5981.400000000001
97256,T4c,5981.400000000001
94574,T4c,5981.400000000001
92082,T4b,5981.400000000001
111010,T4c,5981.400000000001
79817,Tm3,5981.400000000001
42942,Mi1,5981.400000000001
64485,T2,5981.400000000001
37631,Mi1,5981.400000000001
37037,Mi1,5981.400000000001
34606,Mi1,5981.400000000001
69723,Tm3,5981.400000000001
124362,T4c,5981.5
115818,T4a,5981.5
115452,T4c,5981.5
112453,T4c,5981.5
107819,T4c,5981.5
96365,T4a,5981.5
94596,T4b,5981.5
83067,T4b,5981.5
47962,TmY3,5981.5
35897,Mi1,5981.5
16033,Li28,5981.5
95345,T4d,5981.5
539983,T4c,5981.6
104478,T4d,5981.6
90888,T4b,5981.6
48531,Mi1,5981.6
16596,Li28,5981.6
74044,Tm3,5981.6
101707,T4c,5981.7
98692,T4a,5981.7
96931,T4b,5981.7
89483,T4a,5981.7
122308,Tm3,5981.7
65531,T2a,5981.7
38710,Mi1,5981.7
37948,Mi1,5981.7
33216,Mi1,5981.7
77395,T4b,5981.7
35447,Mi1,5981.8
35734,Mi1,5981.8
69778,T2,5981.8
80197,T4a,5981.8
105984,Tm3,5981.8
111416,Tm3,5981.8
135612,Tm3,5981.8
97545,T4c,5981.900000000001
159987,Tm3,5981.900000000001
109937,T4a,5981.900000000001
96812,T4a,5981.900000000001
80483,T4c,5981.900000000001
85716,T4c,5981.900000000001
12521,HST,5981.900000000001
87939,T4b,5981.900000000001
100215,T4c,5982.0
97231,T4a,5982.0
80080,T2a,5982.0
85007,T4c,5982.0
74504,T2a,5982.0
32962,TmY3,5982.0
19292,Li28,5982.0
76653,T2a,5982.0
91505,T4c,5982.099999999999
112310,T4d,5982.099999999999
111685,T4d,5982.099999999999
100867,T4b,5982.099999999999
91913,T4b,5982.099999999999
59008,Mi1,5982.099999999999
120916,T4d,5982.099999999999
42119,Mi1,5982.099999999999
40577,Mi1,5982.099999999999
38987,Mi1,5982.099999999999
38791,Mi1,5982.099999999999
36410,Mi1,5982.099999999999
50311,TmY3,5982.099999999999
94948,T4c,5982.200000000001
86416,T4a,5982.200000000001
82313,T4a,5982.200000000001
111783,T4a,5982.200000000001
41399,Mi1,5982.200000000001
35774,Mi1,5982.200000000001
35001,Mi1,5982.200000000001
78086,T4c,5982.200000000001
96774,T4c,5982.3
78911,Tm3,5982.3
96295,T4b,5982.3
67408,Mi1,5982.3
10037,VS,5982.3
67963,Tm3,5982.3
17596,Li28,5982.4
34849,Mi1,5982.4
35602,Mi1,5982.4
38529,Mi1,5982.4
108594,T4d,5982.5
97318,T4d,5982.5
90112,T4c,5982.5
83465,T4a,5982.5
63468,Mi1,5982.5
67113,Mi1,5982.5
52350,Mi1,5982.5
10023,HSS,5982.5
74927,Tm3,5982.5
10001,DNp01,5982.6
10025,H2,5982.6
65468,T2,5982.6
89073,T2a,5982.6
94866,T4d,5982.6
98598,T4c,5982.6
102845,T4b,5982.6
111304,T4b,5982.7
110987,Tm3,5982.7
108876,T4c,5982.7
104802,T4c,5982.7
101230,T4a,5982.7
66538,T2,5982.7
88642,T4a,5982.7
80812,T4a,5982.7
31492,Mi1,5982.7
98756,T4b,5982.7
102975,T4b,5982.8
120201,T4b,5982.8
119103,T4c,5982.8
74303,Mi1,5982.8
38461,Mi1,5982.8
41762,TmY3,5982.8
35234,Mi1,5982.8
32893,Mi1,5982.8
10016,HSE,5982.9
78437,Tm3,5982.9
93622,T4c,5982.9
100838,T4c,5982.9
111928,T4b,5982.9
114088,T4d,5982.9
526158,Mi1,5983.0
105412,T4a,5983.0
103022,T4a,5983.0
37371,Mi1,5983.0
38648,Mi1,5983.0
33918,Mi1,5983.0
101865,T4a,5983.0
96676,T4b,5983.1
129235,Tm3,5983.1
112944,T4b,5983.1
107297,T4c,5983.1
85664,TmY3,5983.1
79345,T2a,5983.1
85074,T4a,5983.1
78739,T4b,5983.1
76446,TmY3,5983.1
85979,T4b,5983.1
108974,T4c,5983.2
34329,Mi1,5983.2
41136,Mi1,5983.2
41464,TmY3,5983.2
43414,Mi1,5983.2
69186,Tm3,5983.2
76788,T4b,5983.2
83946,T4d,5983.2
90058,T4a,5983.2
102786,Tm3,5983.2
106150,T4c,5983.2
116439,T4c,5983.2
137694,Tm3,5983.3
107211,T4d,5983.3
99387,T4a,5983.3
127153,Tm3,5983.3
80855,Tm3,5983.3
36305,Mi1,5983.3
15422,VST2,5983.3
92640,T4d,5983.3
10269,OA-AL2i2,5983.400000000001
37113,Mi1,5983.400000000001
51122,Mi1,5983.400000000001
61370,T2,5983.400000000001
94893,T4c,5983.400000000001
104905,T4c,5983.400000000001
108847,T4d,5983.5
102113,T4b,5983.5
97675,T4c,5983.5
95335,T4a,5983.5
35770,Mi1,5983.5
50633,TmY3,5983.5
39158,Mi1,5983.5
81996,T2a,5983.5
107082,T4d,5983.599999999999
102031,T4c,5983.599999999999
95928,T4c,5983.599999999999
99348,T4c,5983.599999999999
39727,Mi1,5983.599999999999
35235,Mi1,5983.599999999999
10012,VS,5983.599999999999
40599,TmY3,5983.599999999999
113983,T4d,5983.700000000001
99614,T4c,5983.700000000001
41522,Mi1,5983.700000000001
98194,T4d,5983.700000000001
38479,Mi1,5983.700000000001
16570,VST2,5983.700000000001
38721,Mi1,5983.700000000001
102045,T4a,5983.8
111767,T4b,5983.8
120016,Tm3,5983.8
110482,T4b,5983.8
105698,T4c,5983.8
92055,T4c,5983.8
15909,Li28,5983.8
83689,T4a,5983.8
63175,Mi1,5983.8
40256,Mi1,5983.8
10015,HSN,5983.8
125603,T4d,5983.8
91303,T4b,5983.8
106190,T4d,5983.900000000001
105895,T4a,5983.900000000001
110384,T4b,5983.900000000001
98361,T4a,5983.900000000001
82299,T4c,5983.900000000001
92996,T4a,5983.900000000001
95990,T4a,5983.900000000001
35683,Mi1,5983.900000000001
11134,VSm,5984.0
34862,Mi1,5984.0
38893,Mi1,5984.0
53065,Mi1,5984.0
59397,Mi1,5984.0
83004,T4b,5984.0
95005,T4a,5984.0
101245,T4a,5984.1
97171,T4d,5984.1
87412,T4c,5984.1
71361,Tm3,5984.1
36346,Mi1,5984.1
46827,Mi1,5984.1
40171,Mi1,5984.1
47465,TmY3,5984.1
99609,T4a,5984.200000000001
118551,Tm3,5984.200000000001
107031,T4b,5984.200000000001
89825,T4a,5984.200000000001
85856,TmY3,5984.200000000001
50552,Mi1,5984.200000000001
43689,Mi1,5984.200000000001
36954,Mi1,5984.200000000001
35100,Mi1,5984.3
58527,TmY3,5984.3
74374,T2a,5984.3
102220,T4a,5984.3
105242,T4c,5984.3
113107,T4a,5984.4
109727,T4b,5984.4
97878,T4b,5984.4
91179,T4a,5984.4
58967,TmY3,5984.4
74259,T2a,5984.4
33462,Mi1,5984.4
24338,LC4,5984.4
90655,T4a,5984.4
93588,T4b,5984.500000000001
106121,T4a,5984.500000000001
98751,T4a,5984.500000000001
38421,Mi1,5984.500000000001
97899,T4a,5984.500000000001
34057,Mi1,5984.500000000001
33110,Mi1,5984.500000000001
36275,Mi1,5984.500000000001
10403,VS,5984.500000000001
10206,VS,5984.500000000001
542412,Mi1,5984.6
124867,T4d,5984.6
118029,T4b,5984.6
104144,T2,5984.6
102564,T4a,5984.6
95182,T4d,5984.6
93419,T4b,5984.6
93166,T4c,5984.6
92911,T4c,5984.6
71437,T2a,5984.6
63420,Mi1,5984.6
35113,Mi1,5984.6
104996,T4a,5984.7
107812,T4a,5984.7
103314,T4b,5984.7
101685,T4b,5984.7
100856,T4a,5984.7
104297,T4a,5984.7
94282,T4c,5984.7
89784,T4b,5984.7
74731,T2a,5984.7
57247,TmY3,5984.7
97326,T4c,5984.7
106295,T4b,5984.8
90474,T4b,5984.8
89409,T4a,5984.8
74853,Tm3,5984.8
105363,T4c,5984.8
66852,Mi1,5984.8
42758,Mi1,5984.8
37555,Mi1,5984.8
15019,Li28,5984.8
73619,T2a,5984.8
116451,T4c,5984.900000000001
113171,T4b,5984.900000000001
107640,T4c,5984.900000000001
105115,T4d,5984.900000000001
96262,T4c,5984.900000000001
78943,T2a,5984.900000000001
36684,Mi1,5984.900000000001
91283,T4c,5984.900000000001
101721,T4d,5985.0
537004,VSm,5985.0
105165,T4c,5985.0
102909,T4c,5985.0
70490,Mi1,5985.0
10112,VS,5985.0
43924,TmY3,5985.0
20634,VST1,5985.0
44438,Mi1,5985.0
40596,Mi1,5985.0
39743,Mi1,5985.0
64050,T2,5985.1
88127,T4b,5985.1
95453,T4a,5985.1
107445,T4a,5985.1
110935,T4c,5985.1
121420,T4d,5985.1
99773,Tm3,5985.2
97877,T4d,5985.2
93559,T4d,5985.2
79134,Tm3,5985.2
70697,Tm3,5985.2
99519,T4a,5985.2
65803,T2,5985.2
69978,T2,5985.2
35260,Mi1,5985.2
99292,T4a,5985.2
48286,Mi1,5985.2
55976,Mi1,5985.2
47967,Mi1,5985.2
99572,T4a,5985.3
34171,Mi1,5985.3
40426,Mi1,5985.3
80435,T2a,5985.3
83432,Tm3,5985.3
86992,T4b,5985.3
100073,T4c,5985.3
105834,T4d,5985.400000000001
104130,T4a,5985.400000000001
94886,T4d,5985.400000000001
78735,T2a,5985.400000000001
10025,H2,5985.400000000001
68167,Tm3,5985.400000000001
58945,Tm3,5985.400000000001
72194,Tm3,5985.400000000001
122273,Tm3,5985.5
106338,T4a,5985.5
92006,T4a,5985.5
90145,T4a,5985.5
88922,T4c,5985.5
66372,T2,5985.5
34626,Mi1,5985.5
69063,Mi1,5985.5
10755,H1,5985.6
44592,TmY3,5985.6
48607,TmY3,5985.6
85170,T4c,5985.6
90731,T4b,5985.6
101123,T4c,5985.700000000001
93509,T4b,5985.700000000001
77676,T2a,5985.700000000001
75660,T2a,5985.700000000001
41668,Mi1,5985.700000000001
43978,Mi1,5985.700000000001
42048,Mi1,5985.700000000001
40936,Mi1,5985.700000000001
62894,Tm3,5985.700000000001
36139,Mi1,5985.8
10037,VS,5985.8
18127,LC4,5985.8
10016,HSE,5985.8
10023,HSS,5985.8
133349,Tm3,5985.9
124490,Tm3,5985.9
97885,T4a,5985.9
96035,T4d,5985.9
81309,T2a,5985.9
110403,T4b,5985.9
40411,Mi1,5985.9
37509,Mi1,5985.9
36533,Mi1,5985.9
35890,Mi1,5985.9
46248,Mi1,5985.9
44282,Mi1,5986.000000000001
74231,Tm3,5986.000000000001
75521,T2a,5986.000000000001
84328,T4a,5986.000000000001
109023,T4c,5986.000000000001
104257,T4b,5986.1
546524,Mi1,5986.1
106840,T4b,5986.1
104008,T4b,5986.1
91366,T4b,5986.1
55101,Mi1,5986.1
41654,Mi1,5986.1
38748,Mi1,5986.1
38632,Mi1,5986.1
35152,Mi1,5986.2
42872,Mi1,5986.2
57398,Mi1,5986.2
73723,T2a,5986.2
99731,T4c,5986.2
106701,T4d,5986.2
107464,T4a,5986.2
119556,T4b,5986.2
110646,T4b,5986.3
93527,T4a,5986.3
88625,T4c,5986.3
87390,T2a,5986.3
38687,Mi1,5986.3
46324,TmY3,5986.3
40795,Mi1,5986.3
67152,Tm3,5986.3
59277,TmY3,5986.400000000001
89368,T4c,5986.400000000001
117882,T4b,5986.400000000001
116935,T4a,5986.5
103033,T4a,5986.5
11981,Li28,5986.5
40219,Mi1,5986.5
104674,T4a,5986.6
34300,Mi1,5986.6
36177,Mi1,5986.6
38993,Mi1,5986.6
40635,Mi1,5986.6
41804,Mi1,5986.6
51770,TmY3,5986.6
85440,Tm3,5986.6
92054,T4b,5986.6
97981,T4a,5986.7
95007,T4a,5986.7
89252,T4b,5986.7
48283,TmY3,5986.7
66526,T2,5986.7
63994,Mi1,5986.7
102791,T4c,5986.7
72279,Mi1,5986.7
108249,T4a,5986.7
93972,T4a,5986.8
67308,Mi1,5986.8
20264,Li28,5986.8
63673,Tm3,5986.8
10284,VS,5986.900000000001
34899,Mi1,5986.900000000001
35845,Mi1,5986.900000000001
39275,Mi1,5986.900000000001
60979,TmY3,5986.900000000001
81064,Tm3,5986.900000000001
82576,T4b,5986.900000000001
96199,T4a,5987.0
100729,T4b,5987.0
44244,TmY3,5987.0
10015,HSN,5987.0
67810,Tm3,5987.0
37224,Mi1,5987.099999999999
39629,Mi1,5987.099999999999
61968,T2,5987.099999999999
90278,T4a,5987.099999999999
87827,T2a,5987.200000000001
90493,T4b,5987.200000000001
64149,Mi1,5987.200000000001
106950,T4c,5987.200000000001
92552,T4a,5987.200000000001
80282,T4d,5987.200000000001
56984,TmY3,5987.200000000001
44119,Mi1,5987.200000000001
41626,Mi1,5987.200000000001
34296,Mi1,5987.200000000001
69597,Tm3,5987.200000000001
117039,T4c,5987.3
104931,T4c,5987.3
103383,T4c,5987.3
94471,T4a,5987.3
86778,T4a,5987.3
72796,Tm3,5987.3
38477,Mi1,5987.3
34479,Mi1,5987.3
34272,Mi1,5987.3
17280,Li28,5987.3
16545,Li28,5987.3
72009,T2,5987.3
119353,T4b,5987.4
105541,T4a,5987.4
120231,Tm3,5987.4
103827,T4c,5987.4
98625,T4a,5987.4
87106,T4a,5987.4
38767,Mi1,5987.4
100046,T4b,5987.4
40085,Mi1,5987.500000000001
85126,T4a,5987.500000000001
100087,T4b,5987.500000000001
109649,T4c,5987.500000000001
109996,T4c,5987.500000000001
112633,T4b,5987.500000000001
104858,T4b,5987.6
108461,T4b,5987.6
108065,T4c,5987.6
96638,T4c,5987.6
92281,T4c,5987.6
80906,T4c,5987.6
103497,Tm3,5987.6
71161,T2a,5987.6
45005,TmY3,5987.6
44449,TmY3,5987.6
39651,Mi1,5987.6
36911,Mi1,5987.6
16033,Li28,5987.6
71398,Tm3,5987.6
103195,T4a,5987.7
85009,Tm3,5987.7
78317,T4a,5987.7
71652,Tm3,5987.7
71052,T2a,5987.7
38227,Mi1,5987.7
36994,Mi1,5987.7
35512,Mi1,5987.7
41545,Mi1,5987.7
105292,T4b,5987.8
35290,Mi1,5987.8
37353,Mi1,5987.8
71931,Tm3,5987.8
74287,Tm3,5987.8
96090,T4c,5987.8
99157,T4a,5987.900000000001
95532,T4a,5987.900000000001
100897,T4c,5987.900000000001
94179,T4a,5987.900000000001
90219,T4a,5987.900000000001
78820,T2a,5987.900000000001
37123,Mi1,5987.900000000001
35777,Mi1,5987.900000000001
22194,LC4,5987.900000000001
73447,Tm3,5988.0
73320,T2,5988.0
43485,Mi1,5988.0
89934,T4d,5988.0
38208,Mi1,5988.0
37138,Mi1,5988.0
42675,Mi1,5988.0
62078,Mi1,5988.1
90259,T4d,5988.1
98393,T4a,5988.1
98467,T4d,5988.1
104753,T4a,5988.1
98846,T4c,5988.2
120312,Tm3,5988.2
102514,T4a,5988.2
98887,T4b,5988.2
80793,T2a,5988.2
69546,Tm3,5988.2
45319,Mi1,5988.2
42895,Mi1,5988.2
40400,Mi1,5988.2
33907,Mi1,5988.2
10025,H2,5988.2
98788,T4d,5988.3
73586,Tm3,5988.3
117586,T4c,5988.3
46784,Mi1,5988.3
36660,Mi1,5988.3
49322,TmY3,5988.3
112393,T4a,5988.400000000001
30997,Mi1,5988.400000000001
37529,Mi1,5988.400000000001
38708,Mi1,5988.400000000001
39858,Mi1,5988.400000000001
95883,T4a,5988.400000000001
97888,Tm3,5988.400000000001
104123,T4b,5988.400000000001
108307,T4b,5988.400000000001
112809,T4d,5988.400000000001
112594,T4b,5988.5
114444,T4b,5988.5
103108,T4b,5988.5
121093,T4b,5988.5
86686,T4c,5988.5
69380,Tm3,5988.5
15909,Li28,5988.5
87090,T2a,5988.5
98938,T4a,5988.599999999999
93407,T4d,5988.599999999999
84267,T4c,5988.599999999999
78731,Tm3,5988.599999999999
96671,T4c,5988.599999999999
69425,T2a,5988.599999999999
37677,Mi1,5988.599999999999
10012,VS,5988.599999999999
75557,Tm3,5988.599999999999
10016,HSE,5988.700000000001
67424,T2,5988.700000000001
76325,T2a,5988.700000000001
81733,Tm3,5988.700000000001
88435,Tm3,5988.700000000001
91674,T4a,5988.700000000001
105640,T4d,5988.700000000001
130861,Tm3,5988.700000000001
102703,T4a,5988.8
532850,Tm3,5988.8
60857,Mi1,5988.8
41536,Mi1,5988.8
37270,Mi1,5988.8
34356,Mi1,5988.8
35888,Mi1,5988.9
41950,Mi1,5988.9
58553,TmY3,5988.9
85741,T4a,5988.9
94224,T4b,5988.9
104972,T4a,5988.9
105521,T4c,5989.0
94071,T4a,5989.0
89290,T4d,5989.0
85730,Tm3,5989.0
41709,Mi1,5989.0
37294,Mi1,5989.0
34079,Mi1,5989.0
77779,T2a,5989.0
57164,TmY3,5989.1
99980,T4c,5989.1
94549,T4b,5989.1
92682,T4a,5989.1
60698,TmY3,5989.1
40505,Mi1,5989.1
66980,T2a,5989.1
37088,Mi1,5989.1
35934,Mi1,5989.1
37438,Mi1,5989.1
35712,Mi1,5989.1
34658,Mi1,5989.1
10023,HSS,5989.1
97193,T4a,5989.2
92684,T4c,5989.2
87873,T4b,5989.2
86419,Tm3,5989.2
120928,T4d,5989.2
35498,Mi1,5989.2
35416,Mi1,5989.2
10112,VS,5989.2
81305,Tm3,5989.2
109593,Tm3,5989.3
100282,T4a,5989.3
97184,T4d,5989.3
80884,T2a,5989.3
70812,TmY3,5989.3
64977,T2,5989.3
44527,Mi1,5989.3
38857,Mi1,5989.3
36217,Mi1,5989.3
12521,HST,5989.3
65833,Mi1,5989.3
100165,T4b,5989.400000000001
107010,T4d,5989.400000000001
92472,T4c,5989.400000000001
34867,Mi1,5989.400000000001
42594,Mi1,5989.400000000001
37391,Mi1,5989.400000000001
43872,Mi1,5989.400000000001
23047,Li28,5989.5
37000,Mi1,5989.5
47696,TmY3,5989.5
69561,T2a,5989.5
98175,T4c,5989.5
100855,T4a,5989.5
113207,T4d,5989.5
104018,T4c,5989.6
99850,T4a,5989.6
86907,T4a,5989.6
77916,T2a,5989.6
10037,VS,5989.6
79259,T4b,5989.6
91987,T4c,5989.7
114698,T4b,5989.7
108870,T4a,5989.7
104191,T4a,5989.7
103025,T4a,5989.7
102910,T4b,5989.7
82536,T4d,5989.7
10206,VS,5989.7
36158,Mi1,5989.7
35580,Mi1,5989.7
34369,Mi1,5989.7
33942,Mi1,5989.7
14209,Li28,5989.7
41296,Mi1,5989.7
34404,Mi1,5989.8
77594,T2a,5989.8
90027,T4c,5989.8
92939,T4b,5989.8
95239,T4a,5989.8
97784,T4c,5989.8
100105,T4a,5989.8
108066,T4b,5989.8
118924,Tm3,5989.900000000001
74010,T2a,5989.900000000001
131034,Tm3,5989.900000000001
37680,Mi1,5989.900000000001
34938,Mi1,5989.900000000001
40703,Mi1,5989.900000000001
104683,T4b,5990.0
94283,T4d,5990.0
94081,T4c,5990.0
90952,T4c,5990.0
104390,T4a,5990.0
33766,Mi1,5990.0
10755,H1,5990.0
10015,HSN,5990.0
89282,T4a,5990.0
38514,Mi1,5990.099999999999
41637,Mi1,5990.099999999999
80838,T2a,5990.099999999999
83045,Tm3,5990.099999999999
89139,T4c,5990.099999999999
104703,T4d,5990.099999999999
112027,T4d,5990.099999999999
98349,T4a,5990.200000000001
107835,T4b,5990.200000000001
96219,T4b,5990.200000000001
110855,T4a,5990.200000000001
91741,T4d,5990.200000000001
38768,Mi1,5990.200000000001
35724,Mi1,5990.200000000001
91914,T4a,5990.200000000001
132624,Tm3,5990.3
108438,T4d,5990.3
103867,T4a,5990.3
100032,T4c,5990.3
98748,T4c,5990.3
93957,T4b,5990.3
82038,Tm3,5990.3
56564,Mi1,5990.3
49324,Mi1,5990.3
40106,Mi1,5990.3
103579,T4c,5990.4
96260,T4d,5990.4
94468,T4c,5990.4
80670,T4a,5990.4
116259,T4b,5990.4
43313,TmY3,5990.4
39164,Mi1,5990.4
38230,Mi1,5990.4
36446,Mi1,5990.4
43334,TmY3,5990.4
45176,Mi1,5990.5
69164,Mi1,5990.5
95921,T4c,5990.5
98360,T4c,5990.5
102448,T4d,5990.5
98039,T4d,5990.6
91076,T4a,5990.6
71583,Tm3,5990.6
90900,T4a,5990.6
39688,Mi1,5990.6
11134,VSm,5990.6
61768,T2,5990.6
73301,Tm3,5990.7
97769,T4a,5990.7
127970,Tm3,5990.7
37390,Mi1,5990.8
42533,TmY3,5990.8
49441,TmY3,5990.8
67464,Mi1,5990.8
108276,T4a,5990.8
112369,T4d,5990.8
69961,Tm3,5990.9
102425,T4b,5990.9
46993,T2a,5990.9
74159,Tm3,5990.9
37044,Mi1,5990.9
36540,Mi1,5990.9
35173,Mi1,5990.9
40235,Mi1,5990.9
106952,T4b,5991.0
99074,T4b,5991.0
98118,T4c,5991.0
96081,T4a,5991.0
87424,T4d,5991.0
79297,T4a,5991.0
77891,Tm3,5991.0
76524,Tm3,5991.0
65636,T2,5991.0
64341,TmY3,5991.0
43615,Mi1,5991.0
36695,Mi1,5991.0
23606,Mi1,5991.0
10025,H2,5991.0
39595,Mi1,5991.1
43965,Mi1,5991.1
102388,T4d,5991.2
93865,T4c,5991.2
96126,T4b,5991.2
46745,Mi1,5991.2
88152,T4c,5991.2
33091,Mi1,5991.2
103073,T4a,5991.299999999999
101742,T4c,5991.299999999999
100633,T4a,5991.299999999999
99131,T4c,5991.299999999999
98439,T4a,5991.299999999999
149504,T4d,5991.299999999999
73828,Tm3,5991.299999999999
38238,Mi1,5991.299999999999
36881,Mi1,5991.299999999999
35017,Mi1,5991.299999999999
90419,T4b,5991.299999999999
88095,T4d,5991.400000000001
82855,Tm3,5991.400000000001
76074,Tm3,5991.400000000001
70524,T2a,5991.400000000001
37927,Mi1,5991.400000000001
35405,Mi1,5991.400000000001
68212,T2a,5991.400000000001
72426,Tm3,5991.5
109326,T4c,5991.5
103657,T4b,5991.5
103645,T4c,5991.5
94368,T4a,5991.5
71674,T2a,5991.5
48986,TmY3,5991.5
58196,TmY3,5991.5
56007,TmY3,5991.5
62401,T2,5991.5
39438,Mi1,5991.5
10001,DNp01,5991.5
10016,HSE,5991.6
36646,Mi1,5991.6
39525,Mi1,5991.6
48514,TmY3,5991.6
59959,Mi1,5991.6
71944,T2a,5991.6
104714,T4b,5991.6
102229,T4d,5991.700000000001
98099,T4b,5991.700000000001
70414,T2a,5991.700000000001
67614,Mi1,5991.700000000001
34142,Mi1,5991.700000000001
57239,Mi1,5991.700000000001
54087,Mi1,5991.700000000001
38455,Mi1,5991.700000000001
66872,T2,5991.700000000001
95926,T4a,5991.8
104412,T4a,5991.8
100785,T4b,5991.8
93947,T4a,5991.8
31848,Mi1,5991.8
57349,Mi1,5991.8
43783,Mi1,5991.8
33614,Mi1,5991.8
83125,T4b,5991.8
99310,T4a,5991.900000000001
97866,T4d,5991.900000000001
96784,T4b,5991.900000000001
91806,T4a,5991.900000000001
91325,T4a,5991.900000000001
63489,T2,5991.900000000001
47240,TmY3,5991.900000000001
37243,Mi1,5991.900000000001
90121,T4b,5991.900000000001
101383,T4b,5992.0
106821,T4b,5992.0
105332,T4b,5992.0
101215,T4c,5992.0
101302,T4d,5992.0
80033,T4a,5992.0
33017,Mi1,5992.0
68342,Tm3,5992.0
87763,T4a,5992.0
77910,Tm3,5992.0
34045,Mi1,5992.1
57871,T2,5992.1
64897,T2,5992.1
70188,T2,5992.1
88084,T4b,5992.1
98300,T4a,5992.1
103654,T4b,5992.1
105313,T4a,5992.1
115882,T4b,5992.1
117652,T4d,5992.1
537004,VSm,5992.200000000001
118260,T4d,5992.200000000001
103570,T4d,5992.200000000001
97677,T4c,5992.200000000001
93688,T4a,5992.200000000001
83161,T2a,5992.200000000001
90430,T2a,5992.200000000001
35840,Mi1,5992.200000000001
35572,Mi1,5992.200000000001
93604,T4a,5992.200000000001
72066,Tm3,5992.3
106819,T4b,5992.3
99672,T4a,5992.3
98654,T4d,5992.3
89099,T4a,5992.3
74061,Tm3,5992.3
64633,T2a,5992.3
10284,VS,5992.3
46230,TmY3,5992.3
42856,Mi1,5992.3
40944,Mi1,5992.3
35428,Mi1,5992.3
15263,Li28,5992.3
10023,HSS,5992.3
58224,Mi1,5992.3
126163,Tm3,5992.4
116633,T4c,5992.4
105379,T4c,5992.4
74411,Mi1,5992.4
79083,Tm3,5992.4
53156,TmY3,5992.4
79358,T2a,5992.4
99011,T4c,5992.500000000001
99663,T4c,5992.500000000001
121170,Tm3,5992.500000000001
70321,Tm3,5992.500000000001
11981,Li28,5992.500000000001
10072,OA-AL2i1,5992.500000000001
92047,T4c,5992.500000000001
16545,Li28,5992.6
33326,Mi1,5992.6
74375,Tm3,5992.6
118610,T4b,5992.7
109774,T4d,5992.7
108625,T4b,5992.7
102572,T4c,5992.7
101480,T4c,5992.7
99358,T4c,5992.7
97792,T4b,5992.7
94305,T4a,5992.7
90097,T4c,5992.7
84759,T2a,5992.7
82425,T4b,5992.7
79138,T2a,5992.7
71089,Mi1,5992.7
47211,Mi1,5992.7
37585,Mi1,5992.7
34933,Mi1,5992.7
90533,T4c,5992.7
87565,T4a,5992.8
107334,T4a,5992.8
101005,T4d,5992.8
98549,T4a,5992.8
74228,Tm3,5992.8
38178,Mi1,5992.8
66214,T2a,5992.8
51231,TmY3,5992.8
48060,Mi1,5992.8
68842,TmY3,5992.8
113945,T4d,5992.900000000001
110386,T4d,5992.900000000001
106535,T4d,5992.900000000001
75172,T2a,5992.900000000001
72501,Mi1,5992.900000000001
39692,TmY3,5992.900000000001
38502,Tm3,5992.900000000001
37699,Mi1,5992.900000000001
36369,Mi1,5992.900000000001
41120,Mi1,5992.900000000001
92862,T4b,5993.0
117631,T4d,5993.0
101228,T4a,5993.0
94703,T4c,5993.0
92251,T4b,5993.0
16033,Li28,5993.0
73767,Mi1,5993.0
56136,Tm3,5993.0
39405,Mi1,5993.0
82515,Tm3,5993.0
10015,HSN,5993.0
74860,Tm3,5993.1
41659,Mi1,5993.1
80582,T4a,5993.1
35218,Mi1,5993.1
33446,Mi1,5993.1
39716,Mi1,5993.1
64256,T2a,5993.2
68918,Tm3,5993.2
71164,Mi1,5993.2
83677,T4c,5993.2
88575,T4b,5993.2
91345,T4c,5993.2
95629,T4c,5993.2
107412,Tm3,5993.2
92046,T4d,5993.3
104017,T4b,5993.3
39718,Mi1,5993.3
78477,T4a,5993.3
37108,Mi1,5993.3
10311,VS,5993.3
39500,Mi1,5993.3
37756,Mi1,5993.400000000001
40854,Mi1,5993.400000000001
51049,Mi1,5993.400000000001
77846,Tm3,5993.400000000001
80911,Tm3,5993.400000000001
107529,T4d,5993.400000000001
108270,T4b,5993.400000000001
38596,Mi1,5993.5
120820,T4c,5993.5
113991,T4d,5993.5
104336,T4b,5993.5
84490,T4a,5993.5
35806,Mi1,5993.5
41435,Mi1,5993.5
35897,Mi1,5993.5
80913,T4a,5993.5
119213,T4c,5993.6
99316,T4b,5993.6
98222,T4d,5993.6
114207,T4a,5993.6
103226,T4d,5993.6
93985,T4c,5993.6
60863,T2,5993.6
86635,T4c,5993.6
71447,T4c,5993.6
37853,Mi1,5993.6
15909,Li28,5993.6
10037,VS,5993.6
90657,T4a,5993.6
102298,T4c,5993.700000000001
97015,T4a,5993.700000000001
91629,T4a,5993.700000000001
91222,T4d,5993.700000000001
79449,T4b,5993.700000000001
79483,Tm3,5993.700000000001
68264,Tm3,5993.700000000001
45696,Mi1,5993.700000000001
82656,T2a,5993.700000000001
88933,T4a,5993.8
66791,Tm3,5993.8
95235,T4d,5993.8
37568,Mi1,5993.8
10112,VS,5993.8
40958,Mi1,5993.8
103479,T4c,5993.9
102295,T4d,5993.9
101463,T4d,5993.9
91313,T4a,5993.9
102540,T4b,5993.9
44222,Mi1,5993.9
39505,Mi1,5993.9
32535,Mi1,5993.9
10025,H2,5993.9
61659,Tm3,5993.9
10012,VS,5994.000000000001
47368,TmY3,5994.000000000001
67971,Tm3,5994.000000000001
92171,T4b,5994.000000000001
94743,T4d,5994.000000000001
104942,T4a,5994.000000000001
525839,Mi1,5994.000000000001
95822,T4b,5994.1
93750,T4c,5994.1
83509,T2a,5994.1
48531,Mi1,5994.1
75723,Tm3,5994.1
37037,Mi1,5994.1
34189,Mi1,5994.1
14416,VST2,5994.1
45322,Mi1,5994.1
126702,Tm3,5994.2
107719,T4b,5994.2
96107,T4d,5994.2
123299,T4c,5994.2
93482,T4d,5994.2
43063,Mi1,5994.2
37839,Mi1,5994.2
94546,T4b,5994.2
10755,H1,5994.3
39067,Mi1,5994.3
81836,T2a,5994.3
93360,T4b,5994.3
94482,T4d,5994.3
101772,Tm3,5994.3
102329,T4d,5994.3
75966,T2a,5994.400000000001
89485,T4a,5994.400000000001
66604,TmY3,5994.400000000001
104622,T4b,5994.400000000001
16606,VST2,5994.400000000001
10016,HSE,5994.400000000001
36252,Mi1,5994.400000000001
37019,Mi1,5994.5
42691,Mi1,5994.5
75381,Tm3,5994.5
100567,T4d,5994.5
112458,T4b,5994.6
85778,T4b,5994.6
71475,Tm3,5994.6
98381,T4d,5994.6
58862,Mi1,5994.6
38133,Mi1,5994.6
36452,Mi1,5994.6
68933,Tm3,5994.6
95554,T4b,5994.7
95356,T4a,5994.7
48547,TmY3,5994.7
78308,T2a,5994.7
36990,Mi1,5994.7
24338,LC4,5994.7
38791,Mi1,5994.7
90796,T4d,5994.8
109868,Tm3,5994.8
113228,T4b,5994.8
96003,T4d,5994.8
93877,T4c,5994.8
72665,Mi1,5994.8
34463,Mi1,5994.8
45349,Mi1,5994.8
43323,Mi1,5994.8
38487,Mi1,5994.8
37599,Mi1,5994.8
10206,VS,5994.8
45948,TmY3,5994.8
95242,T4d,5994.900000000001
94567,T4c,5994.900000000001
86504,T4b,5994.900000000001
38987,Mi1,5994.900000000001
37631,Mi1,5994.900000000001
35836,Mi1,5994.900000000001
50333,TmY3,5994.900000000001
115111,T4a,5995.0
114457,T4d,5995.0
102579,T4b,5995.0
100310,T4d,5995.0
98504,T4c,5995.0
100075,T4c,5995.0
45719,Mi1,5995.0
44700,Mi1,5995.0
37084,Mi1,5995.0
27788,Mi1,5995.0
11551,VS,5995.0
76121,Tm3,5995.0
33394,Mi1,5995.099999999999
81401,T4b,5995.099999999999
108948,T4b,5995.099999999999
99789,T4d,5995.200000000001
90423,T4b,5995.200000000001
82099,T4b,5995.200000000001
33216,Mi1,5995.200000000001
70289,Mi1,5995.200000000001
41399,Mi1,5995.3
54885,TmY3,5995.3
68522,T2a,5995.3
103440,T4d,5995.3
82130,T2a,5995.4
106203,T4d,5995.4
88491,T4a,5995.4
87289,T4a,5995.4
64849,Tm3,5995.4
17280,Li28,5995.4
39791,Mi1,5995.4
36410,Mi1,5995.4
34849,Mi1,5995.4
45162,TmY3,5995.4
121816,T4a,5995.500000000001
108824,T4d,5995.500000000001
92957,T4d,5995.500000000001
86932,T4b,5995.500000000001
75712,Tm3,5995.500000000001
112613,T4d,5995.500000000001
65671,Mi1,5995.500000000001
35447,Mi1,5995.500000000001
33655,Mi1,5995.500000000001
10023,HSS,5995.500000000001
72655,Mi1,5995.500000000001
97004,T4c,5995.6
93984,T4b,5995.6
83507,Tm3,5995.6
62488,T2,5995.6
38772,Mi1,5995.6
35045,Mi1,5995.6
41613,Mi1,5995.6
86175,T4a,5995.7
105387,T4b,5995.7
99137,T4c,5995.7
96657,T4c,5995.7
87937,T4d,5995.7
81015,T4a,5995.7
44564,TmY3,5995.7
76733,Tm3,5995.7
66227,Tm3,5995.7
60856,T2a,5995.7
41809,Mi1,5995.7
35770,Mi1,5995.7
78698,Tm3,5995.7
97186,T4a,5995.8
91444,T4c,5995.8
90520,T4a,5995.8
85924,T4a,5995.8
84631,T4c,5995.8
49788,TmY3,5995.8
70800,Tm3,5995.8
42119,Mi1,5995.8
38241,Mi1,5995.8
37371,Mi1,5995.8
71308,Tm3,5995.8
111017,T4d,5995.900000000001
112744,T4d,5995.900000000001
100673,T4b,5995.900000000001
97141,T4a,5995.900000000001
89434,T4c,5995.900000000001
41136,Mi1,5995.900000000001
98668,T4a,5996.0
88005,T4d,5996.0
82618,T2a,5996.0
66357,T2a,5996.0
40832,Mi1,5996.0
42942,Mi1,5996.0
38529,Mi1,5996.0
35734,Mi1,5996.0
35234,Mi1,5996.0
10015,HSN,5996.0
38710,Mi1,5996.0
97853,T4c,5996.1
112750,T4c,5996.1
112241,T4b,5996.1
100924,T4b,5996.1
89223,T4d,5996.1
19292,Li28,5996.1
72896,Tm3,5996.1
67408,Mi1,5996.1
67150,T2a,5996.1
84292,T4d,5996.1
89020,T4a,5996.2
107170,T4b,5996.2
104853,T4c,5996.2
95017,T4c,5996.2
84366,T4b,5996.2
17596,Li28,5996.2
43414,Mi1,5996.2
37113,Mi1,5996.2
35602,Mi1,5996.2
52350,Mi1,5996.2
112088,T4d,5996.3
96576,T4c,5996.3
93927,T4a,5996.3
95982,T4d,5996.3
37733,TmY3,5996.3
34606,Mi1,5996.3
67295,T2,5996.3
105545,T4d,5996.400000000001
800146,TTMn,5996.400000000001
119288,T4d,5996.400000000001
111236,T4d,5996.400000000001
110988,T4a,5996.400000000001
110910,Tm3,5996.400000000001
96424,T4b,5996.400000000001
12521,HST,5996.400000000001
91725,T4b,5996.400000000001
90371,T4d,5996.400000000001
76621,T2a,5996.400000000001
63468,Mi1,5996.400000000001
39727,Mi1,5996.400000000001
95287,T4a,5996.400000000001
109217,T4b,5996.5
104450,T4a,5996.5
101873,T4b,5996.5
95736,T4c,5996.5
89102,T4d,5996.5
63825,Tm3,5996.5
61500,Tm3,5996.5
42758,Mi1,5996.5
40171,Mi1,5996.5
36305,Mi1,5996.5
171349687,Tm3,5996.599999999999
122333,T4b,5996.599999999999
110040,T4c,5996.599999999999
103351,T4a,5996.599999999999
101244,T4b,5996.599999999999
92706,T4a,5996.599999999999
93935,T4a,5996.599999999999
74112,T2a,5996.599999999999
62912,T2,5996.599999999999
20808,LC4,5996.599999999999
100033,T4c,5996.599999999999
97835,T4a,5996.700000000001
91682,T4b,5996.700000000001
82211,T2a,5996.700000000001
75343,Tm3,5996.700000000001
74088,T2a,5996.700000000001
38461,Mi1,5996.700000000001
34329,Mi1,5996.700000000001
31492,Mi1,5996.700000000001
10025,H2,5996.700000000001
68840,TmY3,5996.700000000001
104256,T4a,5996.8
85866,T4b,5996.8
113414,T4d,5996.8
10284,VS,5996.8
33918,Mi1,5996.8
16596,Li28,5996.9
51848,TmY3,5996.9
77174,T2a,5996.9
94356,T4c,5996.9
526158,Mi1,5996.9
135467,Tm3,5997.0
97028,T4c,5997.0
93564,T4d,5997.0
85152,T4c,5997.0
70402,Tm3,5997.0
40256,Mi1,5997.0
30923,TmY3,5997.0
11134,VSm,5997.0
10269,OA-AL2i2,5997.0
53065,Mi1,5997.0
37948,Mi1,5997.0
107181,T4c,5997.1
94624,T4a,5997.1
103780,T4c,5997.1
96830,T4b,5997.1
87896,T4a,5997.1
71938,T2a,5997.1
59397,Mi1,5997.1
75027,Tm3,5997.1
98325,T4d,5997.2
98139,T4d,5997.2
83438,T4a,5997.2
105199,T4d,5997.2
65009,T2,5997.2
38479,Mi1,5997.2
10037,VS,5997.2
65348,TmY3,5997.2
10016,HSE,5997.3
15422,VST2,5997.3
36346,Mi1,5997.3
36954,Mi1,5997.3
100247,T4c,5997.3
109336,T4b,5997.3
105849,T4d,5997.400000000001
106922,T4c,5997.400000000001
107621,T4d,5997.400000000001
101770,T4b,5997.400000000001
105962,T4b,5997.400000000001
92668,T2a,5997.400000000001
67113,Mi1,5997.400000000001
38648,Mi1,5997.400000000001
32893,Mi1,5997.400000000001
100206,T4c,5997.400000000001
34862,Mi1,5997.5
35001,Mi1,5997.5
40577,Mi1,5997.5
90049,T4c,5997.5
109142,T4b,5997.5
115390,T4d,5997.6
92415,T4a,5997.6
92181,T4a,5997.6
86578,T4c,5997.6
39158,Mi1,5997.6
79314,T4b,5997.6
38721,Mi1,5997.6
80302,T2a,5997.6
44747,TmY3,5997.7
94287,T4d,5997.7
102370,T4c,5997.7
94329,T4c,5997.8
100488,T4c,5997.8
83227,Tm3,5997.8
10112,VS,5997.8
51122,Mi1,5997.8
69915,TmY3,5997.8
103148,T4a,5997.900000000001
88698,T4a,5997.900000000001
88617,T4a,5997.900000000001
80197,T4a,5997.900000000001
62340,T2,5997.900000000001
73795,TmY3,5997.900000000001
41522,Mi1,5997.900000000001
39894,T4b,5997.900000000001
34171,Mi1,5997.900000000001
34057,Mi1,5997.900000000001
47967,Mi1,5997.900000000001
98837,T4c,5998.0
106530,T4d,5998.0
103425,T4a,5998.0
111423,T4c,5998.0
74303,Mi1,5998.0
102688,T4b,5998.0
59008,Mi1,5998.0
35774,Mi1,5998.0
68982,Tm3,5998.0
48073,TmY3,5998.0
36684,Mi1,5998.0
542412,Mi1,5998.099999999999
117142,T4d,5998.099999999999
111180,T4c,5998.099999999999
106894,T4b,5998.099999999999
106026,T4b,5998.099999999999
93334,T4b,5998.099999999999
57486,TmY3,5998.099999999999
35235,Mi1,5998.099999999999
33110,Mi1,5998.099999999999
25893,VST1,5998.099999999999
22194,LC4,5998.099999999999
16033,Li28,5998.099999999999
11981,Li28,5998.099999999999
36275,Mi1,5998.099999999999
92346,T4a,5998.200000000001
102801,T4b,5998.200000000001
109598,T4b,5998.3
100190,T4c,5998.3
93166,T4c,5998.3
15909,Li28,5998.3
35100,Mi1,5998.3
10755,H1,5998.4
40026,TmY3,5998.4
43689,Mi1,5998.4
58576,T2,5998.4
70158,T2a,5998.4
74997,Tm3,5998.4
100874,T4a,5998.4
103870,T4a,5998.4
101878,T4a,5998.5
97145,T4c,5998.5
88992,T4c,5998.5
63190,T2,5998.5
54423,TmY3,5998.5
35683,Mi1,5998.5
40936,Mi1,5998.5
36139,Mi1,5998.5
10322,OA-AL2i2,5998.5
50552,Mi1,5998.5
111852,T4a,5998.6
106401,T4d,5998.6
94668,T4d,5998.6
78529,Tm3,5998.6
83583,T4d,5998.6
62562,T2,5998.6
46827,Mi1,5998.6
40596,Mi1,5998.6
16545,Li28,5998.6
71765,T2a,5998.6
100946,T4c,5998.7
97480,T4c,5998.7
91469,T4c,5998.7
33462,Mi1,5998.7
10023,HSS,5998.7
43978,Mi1,5998.7
104621,T4c,5998.8
121887,T4b,5998.8
111928,T4b,5998.8
105718,T4b,5998.8
104911,T4c,5998.8
102814,T4b,5998.8
111746,Tm3,5998.8
77383,T2a,5998.8
35260,Mi1,5998.8
35113,Mi1,5998.8
24867,VST1,5998.8
10012,VS,5998.8
100261,T4c,5998.8
537004,VSm,5998.9
100501,T4b,5998.9
90206,T4b,5998.9
83365,T2a,5998.9
97105,T4d,5998.9
42872,Mi1,5998.9
38993,Mi1,5998.9
38893,Mi1,5998.9
73122,T2a,5998.9
10015,HSN,5999.0
10206,VS,5999.0
42010,TmY3,5999.0
81211,Tm3,5999.0
93419,T4b,5999.0
101994,T4a,5999.0
103344,T4b,5999.0
98398,T4c,5999.1
108161,T4a,5999.1
101043,T4c,5999.1
93142,T4a,5999.1
104478,T4d,5999.1
63175,Mi1,5999.1
41654,Mi1,5999.1
77972,Tm3,5999.1
44438,Mi1,5999.1
61292,T2,5999.2
66739,Tm3,5999.2
70490,Mi1,5999.2
92114,T4c,5999.2
530434,Tm3,5999.2
65298,T2a,5999.3
105802,T4c,5999.3
95454,T4a,5999.3
50345,TmY3,5999.3
48930,TmY3,5999.3
39743,Mi1,5999.3
37509,Mi1,5999.3
23047,Li28,5999.3
15019,Li28,5999.400000000001
36533,Mi1,5999.400000000001
71230,Tm3,5999.400000000001
92431,T4a,5999.400000000001
93302,T4b,5999.400000000001
93509,T4b,5999.400000000001
59864,Tm3,5999.5
56762,TmY3,5999.5
63420,Mi1,5999.5
37555,Mi1,5999.5
10025,H2,5999.5
16570,VST2,5999.5
36177,Mi1,5999.6
41668,Mi1,5999.6
66852,Mi1,5999.6
88815,T4d,5999.6
96163,T4b,5999.6
107486,T4c,5999.6
151155,T4b,5999.6
81486,T4b,5999.700000000001
48286,Mi1,5999.700000000001
40795,Mi1,5999.700000000001
38421,Mi1,5999.700000000001
40426,Mi1,5999.700000000001
46248,Mi1,5999.8
69540,TmY3,5999.8
89409,T4a,5999.8
96931,T4b,5999.8
111623,T4a,5999.8
111949,T4c,5999.8
114817,T4d,5999.8
96728,T4c,5999.900000000001
99670,T4c,5999.900000000001
72955,T2a,5999.900000000001
101620,T4b,5999.900000000001
55101,Mi1,5999.900000000001
38632,Mi1,5999.900000000001
36911,Mi1,5999.900000000001
66808,Tm3,5999.900000000001
107799,T4b,5999.900000000001
